./testset/000601.jpg 267,145,378,292,0
./testset/000602.jpg 116,18,243,179,0
./testset/000603.jpg 101,101,136,143,0 339,179,366,214,0
./testset/000604.jpg 108,88,150,133,0
./testset/000605.jpg 166,97,202,142,1 12,78,79,157,1 429,107,463,158,1 311,104,352,158,1 76,106,118,167,1 348,86,396,147,1 277,109,310,151,1 216,84,258,149,1 249,96,275,143,1
./testset/000606.jpg 180,1,407,250,0
./testset/000607.jpg 11,48,27,69,0 6,146,23,166,0 335,224,384,281,0 153,133,169,155,0
./testset/000608.jpg 388,155,438,230,0
./testset/000609.jpg 209,189,302,287,0 0,237,110,364,0
./testset/000610.jpg 304,138,445,320,0 198,49,339,202,0
./testset/000611.jpg 161,111,193,149,0 191,17,285,115,0 63,95,99,136,0 79,124,100,160,0 135,119,159,141,0 136,145,152,160,0
./testset/000612.jpg 339,155,391,223,0 133,161,164,210,0 170,158,223,239,0 220,179,244,217,0 95,191,120,219,0 39,180,71,212,0 242,175,271,210,0 291,185,324,219,0 396,191,426,221,0
./testset/000613.jpg 163,10,258,103,0
./testset/000614.jpg 323,137,341,164,0 260,139,278,166,0 286,143,307,168,0
./testset/000615.jpg 248,68,310,149,1 417,44,475,128,1 68,69,130,153,1 304,67,346,124,1 161,88,213,151,1 3,104,51,165,1
./testset/000616.jpg 30,15,96,100,0 94,46,135,98,0 2,22,41,85,0 250,24,319,102,1 315,3,371,67,1 410,67,439,108,1 436,72,459,102,1 474,43,500,96,1
./testset/000617.jpg 386,89,423,137,0 82,60,117,101,1 184,94,212,129,1 478,132,500,168,1 238,110,265,145,1 292,103,320,136,1 313,114,334,147,1 441,134,460,163,1 255,126,270,149,1
./testset/000618.jpg 226,47,287,131,0 284,61,351,137,0
./testset/000619.jpg 408,163,454,211,0 243,4,382,136,0 192,26,231,88,0
./testset/000620.jpg 459,121,494,155,0
./testset/000621.jpg 105,80,172,152,0 277,42,366,140,0 72,75,95,106,0 19,78,43,112,0 110,48,128,63,0 32,67,41,78,0
./testset/000622.jpg 239,72,273,108,0 200,80,229,109,0 193,61,222,85,0
./testset/000623.jpg 303,39,315,56,0 332,34,344,49,0
./testset/000624.jpg 54,116,82,148,0 31,132,43,149,0 137,189,161,219,0
./testset/000625.jpg 194,71,259,148,0 287,79,346,148,0 19,47,91,124,0 461,76,487,114,0 159,81,209,146,0 49,78,124,162,1
./testset/000626.jpg 135,196,147,209,0 64,48,77,65,0 85,50,96,62,0
./testset/000627.jpg 198,182,243,227,0 91,90,128,138,0 335,80,372,127,0 375,90,413,128,0
./testset/000628.jpg 142,67,179,111,0 272,70,309,115,0
./testset/000629.jpg 208,13,267,84,0 52,107,100,154,0
./testset/000630.jpg 476,212,494,236,1 61,186,77,207,1 77,191,99,218,1 121,191,142,213,1 164,197,182,213,1 193,202,210,224,1 236,207,259,230,1 256,201,270,218,1 267,196,284,219,1 290,208,306,224,1 302,208,324,233,1 331,212,350,233,1 373,204,395,229,1 412,209,432,232,1 444,219,465,239,1
./testset/000631.jpg 199,183,225,206,0
./testset/000632.jpg 230,103,296,194,0
./testset/000633.jpg 198,5,368,203,0
./testset/000634.jpg 222,53,245,81,0 377,161,391,176,0
./testset/000635.jpg 164,146,182,168,0 256,185,270,202,0 154,145,187,260,2 246,186,279,234,2
./testset/000636.jpg 196,212,212,239,0
./testset/000637.jpg 156,139,195,193,0 101,112,158,183,0 271,138,308,180,0 422,150,454,190,0 334,150,363,188,0
./testset/000638.jpg 95,104,131,147,1 56,98,90,140,1 299,114,329,159,1 337,102,385,158,1 381,115,417,159,1 195,112,235,160,1 224,101,251,137,1 468,130,481,147,1
./testset/000639.jpg 150,105,183,149,0 262,6,302,60,0 78,128,101,153,0 222,66,243,94,0 373,82,389,101,0 338,90,356,106,0 82,81,92,93,0
./testset/000640.jpg 200,92,237,128,1
./testset/000641.jpg 197,70,216,89,0 175,70,194,89,0
./testset/000642.jpg 157,66,194,103,0 208,67,254,104,0
./testset/000643.jpg 244,145,261,168,0 268,153,286,175,0 278,164,295,182,0 302,138,320,163,0 342,137,360,160,0 365,114,390,144,0 457,137,477,161,0 445,169,460,188,0 414,150,431,173,0
./testset/000644.jpg 142,39,170,70,0 182,78,204,113,0
./testset/000645.jpg 252,109,285,142,0 197,173,235,213,0 177,163,271,317,2 243,109,372,311,2
./testset/000646.jpg 421,233,500,303,0 318,187,344,214,0 134,163,155,181,0 214,191,234,206,0 284,170,305,191,0
./testset/000647.jpg 184,159,209,192,0
./testset/000648.jpg 240,39,288,105,0 14,105,32,126,0 55,107,75,128,0 66,72,76,92,0 182,72,203,95,0
./testset/000649.jpg 40,105,103,167,0 57,172,129,243,0 125,233,212,324,0 200,150,266,232,0 244,91,284,133,0 239,126,301,175,0 306,150,351,203,0 303,78,333,115,0 326,89,357,126,0 333,118,376,159,0 392,125,470,209,0 380,113,423,163,0 408,80,447,124,0
./testset/000650.jpg 195,153,253,231,0
./testset/000651.jpg 16,110,56,159,0 94,89,131,138,0 143,92,190,148,0 221,96,266,152,0 280,113,312,160,0 262,93,292,144,0 310,103,338,141,0 335,99,371,149,0 367,118,393,159,0 387,112,408,152,0 439,100,477,150,0
./testset/000652.jpg 281,1,389,100,0 0,2,67,100,0
./testset/000653.jpg 341,57,377,96,1 394,33,464,109,1 462,75,490,112,1 257,53,301,114,1 141,61,190,115,1 383,66,413,120,1 210,62,230,85,1
./testset/000654.jpg 179,204,211,243,0 354,190,379,221,0 109,44,128,67,0 135,143,162,162,0 132,223,152,248,0 220,185,239,207,0 329,197,354,225,0 389,210,404,231,0
./testset/000655.jpg 134,31,246,144,0 249,0,339,93,0
./testset/000656.jpg 1,127,14,150,0 17,82,56,128,0 49,95,76,133,0 112,93,146,132,0 167,94,194,126,0 198,122,218,149,0 220,119,238,148,0 401,40,439,82,0
./testset/000657.jpg 172,301,233,371,0
./testset/000658.jpg 192,34,278,141,0 107,404,243,535,0
./testset/000659.jpg 341,17,399,88,0 108,3,156,56,0 233,14,278,72,0 301,33,349,91,0 194,54,226,89,0
./testset/000660.jpg 21,64,96,169,0 75,30,233,209,0 10,102,52,158,0 85,45,432,344,2 34,69,115,332,2 5,108,65,345,2
./testset/000661.jpg 353,65,402,114,0 71,28,138,85,0 21,67,72,128,0
./testset/000662.jpg 34,120,101,199,1 401,120,462,183,1 247,116,306,187,1
./testset/000663.jpg 199,40,312,179,0 318,14,450,269,0 137,35,357,300,2
./testset/000664.jpg 92,7,193,123,0
./testset/000665.jpg 137,59,218,152,0
./testset/000666.jpg 257,175,290,209,0 107,210,139,243,0 159,200,185,229,0
./testset/000667.jpg 332,172,394,232,0 252,180,305,238,0
./testset/000668.jpg 167,41,289,182,0
./testset/000669.jpg 52,157,96,219,0 113,166,157,221,0
./testset/000670.jpg 370,258,386,279,0 391,256,409,280,0
./testset/000671.jpg 351,60,393,110,1 194,75,226,121,1 463,72,499,119,1 101,54,149,107,1 6,30,73,108,1 291,92,321,125,1 125,103,147,134,1 86,84,107,122,1
./testset/000672.jpg 75,157,107,192,0 142,161,171,197,0 103,154,129,187,0 249,155,272,186,0 191,149,218,183,0 23,179,39,199,1 56,174,69,190,1 312,156,333,190,0 332,155,356,183,0 461,162,483,193,1 358,169,375,190,1
./testset/000673.jpg 259,27,350,124,0 101,22,183,119,0
./testset/000674.jpg 288,116,318,159,0 155,127,172,148,1 170,130,181,148,1 192,133,205,152,1 208,128,226,153,1 363,131,377,152,1
./testset/000675.jpg 144,180,215,268,0 185,139,232,198,0 160,51,188,90,0 180,63,213,99,0 176,25,194,50,0
./testset/000676.jpg 106,123,121,144,0 184,127,196,143,0 142,127,160,146,0 158,120,176,143,1 214,129,232,147,1 257,132,271,148,1 286,135,302,156,1
./testset/000677.jpg 129,83,176,124,0
./testset/000678.jpg 302,141,327,173,0 346,144,372,173,0
./testset/000679.jpg 435,174,479,226,1 118,145,159,195,1 183,160,232,207,1 336,154,366,192,1 90,136,121,176,1 273,140,300,173,1 343,176,399,224,1 250,139,273,167,1 192,135,220,164,1
./testset/000680.jpg 371,108,411,158,0 421,80,487,150,0 272,95,316,145,0 193,88,245,148,0 127,69,185,138,0 43,113,88,168,0 171,124,203,163,0 1,76,48,161,0 308,104,330,150,0
./testset/000681.jpg 307,279,348,327,0 445,304,490,376,0 112,369,135,405,0 165,389,201,433,0 192,382,230,422,0 216,339,240,368,0 358,288,391,326,0 394,307,464,403,1 401,285,420,307,1
./testset/000682.jpg 233,61,313,165,1 69,48,140,145,1
./testset/000683.jpg 282,62,351,163,1
./testset/000684.jpg 115,112,176,185,0 258,128,333,203,0
./testset/000685.jpg 227,114,288,180,0 198,80,260,142,0 109,115,175,194,0 278,72,346,165,0 264,64,323,119,0
./testset/000686.jpg 15,110,33,127,0 100,80,121,109,0 384,167,402,187,0 159,142,175,157,0 113,88,133,109,0 240,104,252,118,0 290,97,301,111,0
./testset/000687.jpg 132,127,159,160,0
./testset/000688.jpg 204,3,316,95,0
./testset/000689.jpg 220,171,234,188,0 184,181,200,202,0 155,175,169,190,0 20,184,42,204,0 38,177,54,195,0 100,174,114,190,0 313,175,330,190,0 355,162,373,182,0 376,164,394,182,0 298,178,316,194,0
./testset/000690.jpg 200,112,321,282,0 332,37,388,113,0 118,29,175,99,0 218,65,275,122,0
./testset/000691.jpg 5,57,18,78,0 42,74,59,95,0 232,75,249,90,0 44,5,56,20,0 54,47,67,64,0 227,35,240,50,0 261,30,279,46,0 59,4,70,18,0 103,15,117,30,0 175,53,188,68,1 226,118,243,131,1 191,16,205,30,1
./testset/000692.jpg 10,17,299,212,0
./testset/000693.jpg 133,84,203,159,0 335,79,405,164,0 300,82,473,374,2 74,86,223,375,2
./testset/000694.jpg 229,122,250,151,1 24,115,51,146,1 100,126,126,156,1 87,121,105,148,1 129,115,153,142,1 142,125,165,154,1 166,132,188,157,1 187,131,206,156,1 313,123,336,149,1 357,128,380,154,1 470,135,492,159,1 462,137,474,156,1 402,136,422,161,1
./testset/000695.jpg 79,244,136,312,0 233,244,283,307,0 361,259,414,316,0
./testset/000696.jpg 259,16,300,71,0 238,47,265,79,0
./testset/000697.jpg 212,162,239,192,0
./testset/000698.jpg 260,76,280,102,0 203,105,215,120,0
./testset/000699.jpg 344,36,387,78,0 164,45,190,74,0 127,63,145,84,0
./testset/000700.jpg 159,91,228,178,1 78,128,122,178,1 2,121,43,179,1
./testset/000701.jpg 11,129,56,182,1 172,131,206,176,1 406,133,440,172,1 82,126,141,207,1 348,133,399,193,1 297,130,322,159,1 246,96,269,122,1 240,127,270,160,1 323,119,344,144,1 442,128,470,160,1 462,125,487,151,1
./testset/000702.jpg 227,70,261,117,0 293,72,326,116,0 436,76,475,122,0 130,74,164,118,0 365,93,395,128,0 207,92,232,124,0 44,97,63,131,0 409,102,434,129,0 261,101,286,134,0 96,100,121,133,0 63,111,83,137,0 33,102,47,135,0 324,89,347,129,0 388,102,407,134,0
./testset/000703.jpg 110,96,125,110,0 284,81,302,104,0 372,70,391,95,0 240,95,256,111,0
./testset/000704.jpg 131,84,272,270,0 269,281,460,499,0
./testset/000705.jpg 187,73,227,110,0 408,3,438,30,0 256,15,279,40,0 195,3,221,30,0 156,7,175,27,0 110,7,129,31,0 52,5,75,24,0 367,23,389,44,0
./testset/000706.jpg 246,62,265,84,0 339,66,359,90,0 450,60,479,94,0
./testset/000707.jpg 145,110,221,202,0
./testset/000708.jpg 440,104,479,151,0 237,83,279,132,0 77,175,94,192,0 146,145,177,177,0
./testset/000709.jpg 430,163,457,190,0 408,160,426,187,0 328,158,351,186,0
./testset/000710.jpg 382,205,435,269,0 162,126,211,173,0
./testset/000711.jpg 301,114,329,149,1 330,114,363,155,1 75,112,101,151,1 100,115,124,149,1 257,116,283,150,1 184,124,210,156,1 5,135,31,165,1 14,121,34,145,1 153,122,173,147,1 142,119,157,146,1 217,125,236,152,1
./testset/000712.jpg 197,112,238,152,0
./testset/000713.jpg 330,221,347,238,0 464,137,480,155,0 314,153,325,163,0 51,241,60,255,0 63,245,72,256,0 437,189,451,203,1 354,186,368,202,1
./testset/000714.jpg 200,110,229,141,0
./testset/000715.jpg 178,157,199,180,0
./testset/000716.jpg 238,1,471,252,0
./testset/000717.jpg 147,100,187,153,0 392,65,486,177,0 281,116,319,167,0 174,102,227,172,0 273,120,298,151,0 257,128,275,160,0
./testset/000718.jpg 110,89,146,130,0 269,115,297,151,0 190,111,209,144,0 326,116,364,159,1 139,126,156,146,1
./testset/000719.jpg 178,35,219,83,0 275,18,300,47,0 88,20,136,73,1 217,25,240,62,1
./testset/000720.jpg 145,118,187,169,0 250,129,290,182,0 24,113,74,170,0 356,132,402,186,0
./testset/000721.jpg 195,39,251,91,0
./testset/000722.jpg 13,66,83,151,0 108,110,141,153,0 83,120,106,148,0
./testset/000723.jpg 214,128,266,196,0 231,95,285,146,0 80,99,100,119,0 340,66,375,104,0
./testset/000724.jpg 113,79,138,112,0 196,4,226,46,0 59,97,76,115,0 166,49,183,71,0 254,67,265,80,0 279,62,293,77,0
./testset/000725.jpg 307,111,333,137,0
./testset/000726.jpg 91,115,126,161,0 159,110,199,162,0 362,101,409,153,0 261,113,300,157,0 202,129,230,162,0 321,141,339,171,0 348,140,364,164,0 427,148,443,169,0
./testset/000727.jpg 355,73,394,123,0
./testset/000728.jpg 277,136,317,186,0 124,114,165,161,0 412,129,451,181,0 247,129,279,172,0 184,110,218,157,0 341,125,369,165,0
./testset/000729.jpg 118,116,156,167,0 40,112,83,165,0
./testset/000730.jpg 202,57,278,156,0
./testset/000731.jpg 220,318,247,353,0 199,44,220,65,0
./testset/000732.jpg 94,71,126,108,0 299,82,341,127,0 199,88,233,128,0 126,66,169,112,0
./testset/000733.jpg 315,86,344,128,0 249,85,279,121,0 23,76,56,116,0 179,80,208,115,0 91,92,120,128,0 140,79,165,111,0 57,94,82,122,0 411,103,433,130,1 1,96,16,124,0 126,96,145,121,0 215,88,237,118,1 283,106,297,126,1 375,114,388,131,1 395,113,411,130,1 440,104,462,127,1 299,110,311,126,1 461,108,475,125,1 479,108,492,126,1
./testset/000734.jpg 313,48,351,92,0 169,133,198,163,0 95,165,158,206,0
./testset/000735.jpg 47,43,118,116,0
./testset/000736.jpg 393,129,420,160,0 307,134,334,164,0 183,157,210,184,0 251,119,274,145,0 331,115,358,145,0 416,132,436,162,0
./testset/000737.jpg 355,102,400,148,0 252,85,301,135,0 114,60,144,100,0 46,50,82,92,0
./testset/000738.jpg 219,61,277,139,0 84,118,160,193,1 387,122,462,185,1
./testset/000739.jpg 398,65,496,179,0
./testset/000740.jpg 135,71,208,146,0
./testset/000741.jpg 1,49,32,120,0 4,22,52,86,0 49,52,94,98,0 145,62,177,95,0 144,49,170,72,0 188,43,215,75,0 279,63,303,92,0 350,28,383,71,0 342,37,361,74,0 425,39,467,85,0
./testset/000742.jpg 204,118,236,145,0
./testset/000743.jpg 239,50,307,151,0
./testset/000744.jpg 170,55,186,78,0 203,167,224,189,0 262,163,277,182,0
./testset/000745.jpg 224,7,251,47,0 271,1,334,74,0 178,15,215,59,0 346,4,395,71,0 65,31,88,61,0 144,34,194,95,0 211,28,229,54,0 329,15,351,52,0 94,39,109,62,0 120,40,134,60,0 135,37,151,59,0 81,32,98,53,0
./testset/000746.jpg 1,73,181,323,0
./testset/000747.jpg 19,58,55,105,0 399,27,456,91,0 274,38,307,74,0 92,25,141,89,0 175,51,204,87,0
./testset/000748.jpg 294,116,366,202,0 85,95,166,186,0
./testset/000749.jpg 228,43,300,136,0 65,52,155,148,0 286,100,381,195,0 346,98,417,182,0
./testset/000750.jpg 172,427,214,470,0
./testset/000751.jpg 404,100,444,149,0 332,78,382,136,0 109,89,161,157,0 445,97,497,161,0 209,82,254,143,0 258,104,302,157,0 40,80,91,156,0 151,119,178,159,0 1,44,51,142,0
./testset/000752.jpg 169,109,211,161,1 242,118,276,162,1 340,200,357,223,1 401,169,425,192,1 375,210,390,227,1
./testset/000753.jpg 86,94,123,133,0 141,111,169,144,0 182,131,207,157,0 225,114,248,144,0 246,132,266,156,0 285,140,306,167,0 313,146,330,171,0 338,144,355,167,0 362,139,383,164,0
./testset/000754.jpg 66,225,121,264,0 52,69,94,111,0 105,79,141,115,0 199,71,241,108,0 228,37,263,77,0 301,41,349,85,0
./testset/000755.jpg 144,115,164,139,0
./testset/000756.jpg 357,139,410,207,1 197,156,248,216,1 108,139,155,198,1
./testset/000757.jpg 279,54,336,119,0
./testset/000758.jpg 219,91,287,176,0 194,39,239,123,2 99,99,313,320,2
./testset/000759.jpg 28,47,105,133,1 346,37,411,114,1 288,69,326,121,1 163,85,212,147,1 230,85,263,124,1 115,106,136,130,1 140,99,161,126,1 285,3,301,19,1 312,3,327,23,1 341,6,353,25,1 131,50,145,66,1 152,4,164,22,1 167,7,178,20,1 193,1,205,15,1 185,5,195,21,1 178,10,188,25,1
./testset/000760.jpg 209,28,260,78,0 297,79,324,119,0
./testset/000761.jpg 146,82,240,171,0 66,37,138,92,0 297,37,351,75,0 273,4,286,24,0
./testset/000762.jpg 103,49,121,68,0 104,69,124,89,0 180,72,192,85,0 223,61,237,77,0
./testset/000763.jpg 218,78,285,156,0 146,88,191,149,0 374,67,439,147,0 49,85,113,172,0 9,96,59,160,0 428,77,472,139,0 293,89,346,154,0
./testset/000764.jpg 106,29,212,168,0
./testset/000765.jpg 356,191,410,252,0 310,238,350,275,0 421,185,475,264,0
./testset/000766.jpg 308,77,396,173,0 94,91,174,180,0
./testset/000767.jpg 169,160,241,247,0
./testset/000768.jpg 215,6,262,58,0 362,29,403,60,0
./testset/000769.jpg 187,110,229,156,0 289,109,325,145,0 353,1,381,21,0 185,29,206,53,0 374,5,395,29,0 402,10,415,27,0 429,5,442,20,0 438,11,451,25,0
./testset/000770.jpg 365,223,394,254,0 226,202,248,229,0 32,102,45,117,0 62,127,75,143,0 89,146,101,160,0 127,156,141,171,0 264,166,276,184,0 379,90,393,107,0 328,122,340,140,0 298,138,308,156,0 305,153,318,169,0
./testset/000771.jpg 256,23,348,136,0 159,22,266,159,0 1,10,72,198,0
./testset/000772.jpg 271,42,297,75,0 323,44,350,75,1 173,47,199,79,1 110,40,136,75,1 237,55,261,82,1 40,36,69,69,1 130,41,154,75,1 80,54,98,77,1 18,60,37,88,1
./testset/000773.jpg 378,15,408,51,0 471,4,499,47,0 149,24,169,60,0 171,34,194,66,0 434,34,453,60,0
./testset/000774.jpg 211,51,266,114,0
./testset/000775.jpg 172,22,337,247,0 0,0,182,240,0 291,4,425,177,0 373,54,500,320,0
./testset/000776.jpg 225,182,245,207,0 267,177,287,204,0
./testset/000777.jpg 275,22,357,106,0 112,142,184,214,0 123,42,165,101,0
./testset/000778.jpg 130,59,171,101,0 231,182,274,232,0 204,60,231,90,0 90,53,132,81,0
./testset/000779.jpg 179,76,213,115,0 255,48,285,89,0
./testset/000780.jpg 473,87,500,122,0 241,68,272,99,0 325,101,349,124,0
./testset/000781.jpg 219,114,245,143,0
./testset/000782.jpg 129,59,263,201,0
./testset/000783.jpg 219,68,259,116,1 357,72,397,125,1 94,74,150,144,1 417,49,479,123,1 333,80,360,119,1
./testset/000784.jpg 46,23,157,135,0 245,4,324,78,0
./testset/000785.jpg 383,67,427,120,1 293,82,331,128,1 72,73,113,120,1 11,96,30,120,1 44,93,64,117,1 168,101,186,124,1 188,94,203,117,1 201,86,220,115,1 249,91,273,119,1
./testset/000786.jpg 14,113,27,128,1 29,109,61,147,1 87,116,107,137,1 109,114,133,146,1 147,100,186,146,1 139,107,156,139,1 173,93,196,137,1 195,113,219,140,1 281,103,311,133,1 335,102,365,141,1 423,79,450,141,1
./testset/000787.jpg 325,77,361,135,0 198,67,242,122,0 399,75,441,127,0 440,71,490,134,0 248,67,302,129,0 128,74,177,138,0
./testset/000788.jpg 87,9,188,130,0 261,136,284,164,0 350,157,367,181,0
./testset/000789.jpg 87,182,151,240,0 354,42,398,88,0
./testset/000790.jpg 274,134,313,178,0 121,155,171,207,0 449,143,466,158,0 390,138,407,155,0
./testset/000791.jpg 340,136,377,179,1 404,124,448,177,1 236,134,272,175,1 151,143,181,181,1 115,157,141,187,1 62,161,87,188,1 19,175,38,195,1 6,180,21,203,1
./testset/000792.jpg 225,79,257,105,0
./testset/000793.jpg 280,335,312,362,0 18,326,51,373,0 404,280,439,313,0 87,310,116,346,0 353,353,390,383,0 333,353,365,381,0 186,332,208,354,0 160,315,181,336,0 146,308,164,332,0
./testset/000794.jpg 111,93,187,174,0 452,146,491,191,0 444,183,500,271,0 5,98,211,318,2
./testset/000795.jpg 211,8,350,171,0
./testset/000796.jpg 31,1,89,50,0 157,70,182,99,0 236,118,264,148,0 207,27,234,57,0 250,34,271,59,0 272,28,296,60,0
./testset/000797.jpg 244,135,267,159,0 290,117,311,143,0
./testset/000798.jpg 183,6,295,136,0
./testset/000799.jpg 219,63,251,101,1 326,48,362,89,1 404,16,458,70,1 303,62,331,96,1 384,56,417,93,1 145,69,171,102,1 182,109,201,126,1
./testset/000800.jpg 38,86,72,128,0 94,59,141,115,1 404,84,455,142,1 137,80,172,119,1 186,69,217,109,1 272,94,298,127,1 355,96,383,129,1 211,109,235,136,1
