./testset/006601.jpg 35,48,49,67,0 272,156,287,174,0 464,181,478,196,0 348,22,363,37,0
./testset/006602.jpg 426,17,456,59,0 230,45,249,69,0 314,64,331,85,0
./testset/006603.jpg 253,78,311,149,0
./testset/006604.jpg 405,116,441,164,0 285,107,325,161,0 128,98,169,148,0 333,126,368,177,0 33,127,106,189,0 103,138,160,191,0 314,111,338,154,0 178,119,222,177,0 355,99,407,164,0
./testset/006605.jpg 204,102,232,131,0 119,113,146,141,0
./testset/006606.jpg 169,5,288,143,0
./testset/006607.jpg 333,139,368,171,0
./testset/006608.jpg 327,80,357,120,0 0,3,60,99,0 223,43,268,103,0 349,95,386,155,0
./testset/006609.jpg 298,25,429,175,0 80,3,213,133,0
./testset/006610.jpg 90,98,128,138,0 18,80,61,121,0 146,128,179,166,0 475,245,500,284,0 358,193,384,225,0 387,201,417,236,0 410,238,432,263,0
./testset/006611.jpg 339,62,403,141,0
./testset/006612.jpg 205,193,235,230,0 316,188,344,218,0 369,195,394,227,0 349,199,372,228,0 141,204,162,231,0 164,198,184,228,0 185,199,200,225,0 248,194,268,223,0 284,195,307,222,0 277,197,291,220,0 307,198,325,226,0
./testset/006613.jpg 156,96,230,191,0
./testset/006614.jpg 161,117,197,159,0 213,4,243,50,0 317,110,349,148,0
./testset/006615.jpg 284,252,311,284,0 38,76,56,102,0 252,81,276,107,0 375,62,397,95,0 463,126,490,154,0 470,58,489,85,0 128,208,148,228,0 123,89,140,111,0
./testset/006616.jpg 188,161,208,185,0 344,39,365,61,0
./testset/006617.jpg 253,161,293,209,0
./testset/006618.jpg 381,146,416,186,0 269,136,302,179,1 190,121,221,159,1 417,110,465,166,1 223,127,253,167,1 468,133,496,179,1 136,121,162,159,1 104,133,129,162,1 262,132,284,160,1 327,134,357,168,1 313,124,334,160,1
./testset/006619.jpg 271,13,332,83,1 159,57,194,99,1 186,55,223,102,1 218,74,243,105,1 248,70,270,97,1 270,74,287,97,1 378,85,392,104,1
./testset/006620.jpg 439,130,471,165,1 8,147,38,181,1 67,122,98,158,1 354,123,380,155,1 264,124,285,154,1 228,137,252,168,1 117,136,138,160,1 158,124,177,147,1 184,131,205,158,1 204,128,225,153,1
./testset/006621.jpg 83,49,134,103,1 137,93,169,133,1 206,101,228,131,1 175,55,212,99,1 238,80,271,117,1 332,126,358,158,1 375,129,399,155,1 412,116,445,152,1 293,84,324,129,1
./testset/006622.jpg 192,180,213,200,0
./testset/006623.jpg 402,63,471,127,0 254,67,292,109,0 334,54,385,108,0 480,69,498,87,0 26,109,54,139,1 59,116,82,139,1 109,102,132,128,1 130,84,158,111,1 166,91,194,117,1 232,78,260,106,1 229,95,246,118,1
./testset/006624.jpg 92,61,129,98,0 128,58,159,88,0 30,68,50,84,0 259,74,273,89,0 222,71,232,84,0
./testset/006625.jpg 255,98,291,132,0 335,124,365,151,0 144,34,174,71,0 197,15,222,41,0
./testset/006626.jpg 257,126,290,167,0 208,137,235,172,0
./testset/006627.jpg 108,143,148,187,1 351,151,388,191,1 416,154,449,191,1 272,157,302,195,1 8,137,45,175,1 50,138,81,176,1 458,167,486,199,1 88,161,113,191,1 162,149,192,180,1 218,164,238,187,1 208,167,221,185,1
./testset/006628.jpg 107,34,198,151,0
./testset/006629.jpg 159,29,235,116,0 364,1,438,87,0 92,25,135,85,0 117,89,203,177,0 380,46,489,176,0
./testset/006630.jpg 52,1,129,64,0 1,1,131,302,2
./testset/006631.jpg 320,70,384,157,0 177,146,212,180,0 189,122,211,146,0
./testset/006632.jpg 30,74,84,133,0 105,111,138,151,0
./testset/006633.jpg 29,159,114,232,0 112,172,146,212,0 232,161,250,182,0 254,195,283,223,0
./testset/006634.jpg 5,10,46,71,0 359,20,439,112,0 434,22,485,87,0 350,3,419,53,0
./testset/006635.jpg 284,27,400,168,0 210,61,293,172,0
./testset/006636.jpg 206,115,244,155,0
./testset/006637.jpg 104,9,171,92,0 185,24,259,112,0
./testset/006638.jpg 236,57,350,182,0
./testset/006639.jpg 408,114,478,198,0 206,131,252,193,0 283,87,338,156,0 68,117,118,185,0 272,135,304,178,1
./testset/006640.jpg 34,33,70,68,0 95,63,120,95,0 181,192,217,221,0 125,126,156,153,1 88,6,107,28,1 49,1,64,10,1 27,1,48,16,1
./testset/006641.jpg 194,0,327,123,0 361,93,456,192,0
./testset/006642.jpg 163,183,207,226,0 290,124,320,154,0
./testset/006643.jpg 85,39,159,121,0 256,45,339,129,0 146,56,177,116,0
./testset/006644.jpg 66,17,152,106,0 257,24,338,101,0
./testset/006645.jpg 124,1,226,110,0 352,36,418,108,0
./testset/006646.jpg 140,276,223,382,0
./testset/006647.jpg 177,149,206,180,0 248,168,276,200,0 206,115,231,143,0 273,144,303,171,0 362,169,389,201,0 277,112,297,133,0
./testset/006648.jpg 374,61,430,129,0 320,210,394,272,0
./testset/006649.jpg 5,72,76,134,0 124,38,199,119,0 236,67,299,126,0 341,75,397,132,0 447,65,523,138,0
./testset/006650.jpg 320,63,399,152,0 187,34,254,119,0
./testset/006651.jpg 254,116,353,226,0 213,145,242,189,0 239,134,279,199,0
./testset/006652.jpg 33,402,52,427,0 87,392,107,421,0
./testset/006653.jpg 458,149,482,181,1 375,171,395,198,1 285,164,305,189,1 244,166,270,195,1
./testset/006654.jpg 296,73,349,128,0
./testset/006655.jpg 160,50,196,93,0
./testset/006656.jpg 296,85,359,152,0 237,116,289,174,0
./testset/006657.jpg 26,97,86,160,0 162,110,196,151,0 287,108,349,178,0 262,114,296,157,0 345,127,400,183,0
./testset/006658.jpg 74,72,111,110,0 170,80,201,114,0 301,95,321,117,0 266,105,288,124,0
./testset/006659.jpg 155,340,186,375,0 109,290,146,315,0 200,323,230,354,0
./testset/006660.jpg 10,68,46,112,0 116,79,147,115,0 163,105,181,126,0 218,105,239,133,0 280,114,298,136,0 302,100,323,131,0 414,120,443,153,0
./testset/006661.jpg 225,133,254,158,0 475,140,496,169,0
./testset/006662.jpg 245,4,333,85,0
./testset/006663.jpg 302,40,340,84,0
./testset/006664.jpg 65,110,161,211,0 185,68,219,108,0
./testset/006665.jpg 156,167,175,186,0 40,79,51,92,0 99,135,113,156,0 232,76,244,90,0
./testset/006666.jpg 121,241,132,252,0 290,221,301,235,0 322,225,335,240,0 316,212,326,222,0 375,184,384,196,0 352,170,359,179,0 108,174,117,183,0
./testset/006667.jpg 246,123,286,163,1 113,118,154,161,1 341,120,380,159,1 204,129,236,162,1 394,121,422,152,1 421,119,446,148,1 45,144,68,168,1 228,126,248,152,1 293,128,323,156,1 444,134,460,158,1
./testset/006668.jpg 279,277,404,417,0
./testset/006669.jpg 248,172,271,193,0
./testset/006670.jpg 368,37,392,62,0 303,40,325,64,0 356,47,365,61,0
./testset/006671.jpg 56,150,77,176,0 106,130,125,157,0 148,133,166,163,0 179,141,197,168,0 218,140,237,164,0 263,143,281,165,0 303,136,323,163,0 342,142,361,169,0 377,144,395,172,0
./testset/006672.jpg 117,213,157,246,0 94,192,128,223,0 186,193,205,219,0 233,207,257,235,0 265,201,295,239,0 327,186,364,222,0 76,191,127,333,2 101,214,172,333,2 166,192,219,333,2 221,205,266,330,2 246,202,310,332,2 321,184,391,333,2
./testset/006673.jpg 240,98,280,149,0 166,111,204,158,0 56,119,101,171,0 383,96,417,149,0 415,93,463,153,0
./testset/006674.jpg 135,48,154,73,0 227,123,248,142,0
./testset/006675.jpg 104,9,128,39,1 63,4,93,39,1 8,9,36,42,1 150,2,184,42,1 344,24,372,52,1 232,11,269,53,1 199,2,220,30,1 367,7,388,32,1
./testset/006676.jpg 387,128,439,180,0 279,120,311,162,0 26,121,51,148,0 107,98,132,128,0 212,87,242,117,0 11,123,56,273,2 53,108,93,272,2 69,109,93,137,0 95,99,141,266,2 145,89,192,273,2 197,88,251,290,2 270,120,351,339,2 368,129,481,338,2 155,90,186,124,0
./testset/006677.jpg 104,5,263,175,0
./testset/006678.jpg 46,63,104,136,1 121,81,165,138,1 240,84,284,139,1 380,89,424,144,1 457,122,491,156,1
./testset/006679.jpg 48,61,147,181,0 15,69,186,352,2
./testset/006680.jpg 206,254,235,284,0 9,194,41,228,0 149,182,171,209,0 65,172,77,186,0 242,161,259,182,0 231,63,242,79,0 220,70,230,82,0 431,210,451,234,0
./testset/006681.jpg 413,80,480,218,0 53,97,118,181,0 84,61,114,90,1 127,125,165,177,1 201,133,243,184,1 343,111,384,155,1 312,127,345,175,1
./testset/006682.jpg 296,141,333,182,0 189,137,218,172,0 335,153,364,185,0 86,153,110,186,0 109,157,136,194,0 263,147,289,181,0 1,121,31,183,0 121,140,147,173,0 141,156,162,184,0 253,157,271,182,0
./testset/006683.jpg 124,98,151,132,1 285,103,311,137,1 252,100,274,125,1 309,107,333,136,1 182,115,204,137,1
./testset/006684.jpg 155,89,199,132,0
./testset/006685.jpg 295,150,319,175,0 203,212,223,234,0
./testset/006686.jpg 190,128,213,157,0 235,149,261,170,0 282,131,300,150,0
./testset/006687.jpg 253,61,382,173,0
./testset/006688.jpg 309,16,399,126,0
./testset/006689.jpg 290,84,320,115,0 175,59,215,101,0
./testset/006690.jpg 232,137,500,375,0
./testset/006691.jpg 184,194,211,234,0 216,179,244,214,0 45,201,65,229,0 62,195,81,230,0 79,190,108,229,0 118,197,146,229,0 145,194,168,230,0 247,188,275,221,0
./testset/006692.jpg 139,17,237,134,0 315,54,405,159,0
./testset/006693.jpg 22,20,100,109,1 94,98,129,139,1 200,98,243,136,1 281,148,301,173,1 387,48,443,113,1 356,73,394,118,1 445,75,481,115,1 317,81,345,120,1 264,108,285,136,1
./testset/006694.jpg 409,11,475,95,0 319,39,391,125,0 135,62,178,121,0 223,70,252,117,0 45,85,103,150,0 69,68,109,110,0 184,71,214,109,0 236,45,300,120,0
./testset/006695.jpg 93,154,123,193,0 182,140,212,172,0 335,118,355,140,0
./testset/006696.jpg 161,41,177,60,0 216,40,231,56,0 265,79,279,98,0 274,68,292,85,0 257,49,271,67,0
./testset/006697.jpg 165,45,356,234,0
./testset/006698.jpg 227,206,246,229,0
./testset/006699.jpg 266,15,329,77,0 112,109,166,166,0
./testset/006700.jpg 117,120,148,159,0 180,118,204,137,0 223,31,237,49,0 246,66,263,81,0 351,64,370,85,0 101,118,156,299,2 174,118,230,188,2 228,69,266,111,2 346,63,399,192,2 196,33,238,120,2
./testset/006701.jpg 271,146,300,176,0 241,137,270,170,0
./testset/006702.jpg 221,118,300,209,0 325,64,409,147,0 331,124,434,227,0
./testset/006703.jpg 175,123,196,142,0 59,82,77,100,0 279,182,294,201,0 352,197,373,216,0 453,252,470,271,0
./testset/006704.jpg 189,56,238,119,0 262,175,302,229,0 332,434,352,459,0 415,450,438,479,0
./testset/006705.jpg 175,236,214,288,0
./testset/006706.jpg 148,140,204,188,1 269,153,347,236,1 115,167,183,245,1 1,62,110,210,1
./testset/006707.jpg 165,80,221,143,0
./testset/006708.jpg 0,116,173,290,0 287,63,367,155,0
./testset/006709.jpg 86,83,117,116,0 139,123,164,149,1
./testset/006710.jpg 60,102,96,138,0 226,119,239,135,0 368,108,401,143,0
./testset/006711.jpg 103,207,144,249,0 296,155,345,215,0 18,88,51,127,0 70,141,117,189,0 190,128,228,161,0 121,93,146,129,0 142,65,163,93,0 432,69,450,92,0 379,76,398,92,0 218,55,233,74,0 267,50,278,68,0 317,85,335,101,0 270,83,290,96,0 297,59,316,82,0
./testset/006712.jpg 10,69,44,112,0 117,78,147,113,0 415,123,443,151,0 299,101,324,129,0 215,106,237,133,0 165,103,181,127,0 281,114,296,135,0 205,107,221,127,0
./testset/006713.jpg 201,51,224,66,0 223,320,252,356,0
./testset/006714.jpg 227,14,273,87,0 172,58,211,106,0 191,17,230,74,0
./testset/006715.jpg 198,59,250,120,0 146,77,200,145,0
./testset/006716.jpg 178,25,246,112,0 308,64,366,133,0
./testset/006717.jpg 295,1,411,88,0 154,60,271,171,0
./testset/006718.jpg 131,77,191,138,0
./testset/006719.jpg 290,138,386,245,0
./testset/006720.jpg 106,94,152,137,0 95,58,121,100,0
./testset/006721.jpg 183,2,228,44,0 37,26,64,57,0 340,44,370,68,0
./testset/006722.jpg 73,1,189,99,0 378,33,465,134,0 307,90,382,183,0
./testset/006723.jpg 258,80,377,215,0
./testset/006724.jpg 261,48,337,138,0
./testset/006725.jpg 213,113,245,150,1 430,119,458,154,1 349,138,376,173,1 180,130,208,162,1 284,125,308,157,1 241,155,266,188,1 322,137,343,166,1 375,132,401,164,1
./testset/006726.jpg 373,62,423,117,0 127,20,176,79,0 287,73,310,99,0 338,77,368,106,0
./testset/006727.jpg 297,45,334,89,0 273,30,303,73,0 431,37,463,85,0 192,35,222,77,0 91,31,124,76,0 168,36,199,87,0 459,48,483,84,0 419,43,440,84,0
./testset/006728.jpg 275,160,315,213,0 441,153,497,211,0 222,195,248,221,0
./testset/006729.jpg 81,112,124,162,0 348,102,399,169,0 210,132,252,184,0 310,149,343,189,0 123,125,192,203,0 267,133,297,173,0 225,120,253,156,0
./testset/006730.jpg 188,27,285,149,0 281,163,314,204,0 382,144,402,168,0
./testset/006731.jpg 158,207,177,225,0 105,28,124,45,0 145,122,162,138,0
./testset/006732.jpg 202,49,234,90,0 355,41,402,95,0 92,47,139,100,0 251,47,285,93,0 7,71,46,114,0 417,51,447,87,0 65,75,92,107,0 139,73,156,104,0 240,66,259,97,0
./testset/006733.jpg 415,115,441,147,0
./testset/006734.jpg 77,48,391,440,0
./testset/006735.jpg 351,52,434,152,0 47,60,144,156,0 214,63,263,134,0
./testset/006736.jpg 216,104,252,146,0
./testset/006737.jpg 307,58,340,100,0 243,40,292,93,1
./testset/006738.jpg 41,64,63,96,0 44,147,66,179,0 104,164,129,191,0 142,156,163,186,0
./testset/006739.jpg 342,43,409,113,0
./testset/006740.jpg 31,21,90,91,0 159,55,205,111,0 98,68,144,123,0
./testset/006741.jpg 422,120,463,163,1 118,138,142,173,1 75,150,100,187,1 146,144,169,171,1 168,138,195,168,1 195,139,219,169,1 239,131,260,157,1
./testset/006742.jpg 241,34,274,75,0 168,25,204,71,0 311,39,342,79,0 107,14,151,66,0
./testset/006743.jpg 110,39,131,66,0
./testset/006744.jpg 169,39,223,98,0 247,79,292,124,0
./testset/006745.jpg 239,95,268,134,0 282,111,311,147,0
./testset/006746.jpg 71,9,129,77,0 228,39,286,101,0 113,24,145,85,0
./testset/006747.jpg 303,9,383,96,0
./testset/006748.jpg 174,223,194,245,0
./testset/006749.jpg 94,31,152,88,0 270,62,306,100,0 311,187,379,257,0 13,34,64,94,0 333,44,381,102,0
./testset/006750.jpg 322,134,359,183,0 214,140,251,180,0 434,146,461,179,0 262,149,283,180,0 280,150,293,178,0 373,149,397,177,0
./testset/006751.jpg 286,124,313,159,1 217,124,240,152,1 176,119,199,148,1 132,125,158,154,1 93,127,115,152,1
./testset/006752.jpg 163,185,195,225,0 370,152,407,186,0 223,157,250,190,0
./testset/006753.jpg 60,171,77,194,0 116,169,144,200,0 146,181,167,207,0 206,170,231,206,0 244,182,265,209,0 293,186,331,232,0 409,175,439,212,0
./testset/006754.jpg 113,88,176,167,0 296,97,351,166,0 71,93,126,164,0 384,72,439,148,0 235,80,282,142,0 196,76,243,145,0
./testset/006755.jpg 224,105,286,190,0 331,99,407,186,0 71,114,139,195,0
./testset/006756.jpg 249,57,289,110,0 145,36,183,93,0 198,65,238,116,0 312,52,355,106,0
./testset/006757.jpg 381,134,407,165,1 42,144,68,177,1 74,160,97,187,1 122,163,142,188,1 150,164,167,190,1 180,131,212,165,1 210,145,234,178,0 248,142,269,171,1 335,151,360,180,1 413,142,436,177,0 432,148,447,171,1 262,153,276,175,1 273,158,285,177,1
./testset/006758.jpg 279,57,312,94,1 377,56,409,90,1 51,50,87,89,1 207,64,239,100,1
./testset/006759.jpg 95,38,120,63,0 142,20,168,44,0 38,121,67,157,0
./testset/006760.jpg 312,122,345,164,1 154,148,202,205,1 229,138,262,185,1 145,109,167,133,1 32,118,61,150,1 208,104,230,127,1 350,116,375,144,1 381,109,406,135,1 400,107,416,128,1 417,104,438,127,1
./testset/006761.jpg 242,184,260,203,0
./testset/006762.jpg 221,209,244,238,0 200,158,220,180,0 174,176,196,202,0 269,163,294,191,0
./testset/006763.jpg 251,94,282,129,0 357,102,391,146,0 128,149,155,184,0 113,98,127,114,0
./testset/006764.jpg 297,5,368,86,0 215,52,267,119,0 123,17,174,85,0
./testset/006765.jpg 218,213,239,237,0 294,213,318,234,0
./testset/006766.jpg 124,52,155,86,0 19,51,53,87,0 231,56,257,84,0 52,36,94,86,0 321,26,371,88,0 186,59,207,85,0 288,49,311,80,0 145,52,160,86,0
./testset/006767.jpg 266,291,325,344,0
./testset/006768.jpg 114,39,143,76,1 344,61,372,95,1 230,44,257,78,1 429,68,460,102,1 85,51,108,80,1 151,60,173,87,1 279,62,299,90,1 196,61,216,86,1 46,58,70,80,1
./testset/006769.jpg 165,16,224,100,0
./testset/006770.jpg 247,249,275,288,0 192,257,216,291,0 113,260,138,278,0 197,40,212,61,0
./testset/006771.jpg 100,56,164,127,0
./testset/006772.jpg 171,296,244,363,0 278,191,343,263,0 209,13,280,91,0
./testset/006773.jpg 354,35,494,248,0 196,155,220,185,0
./testset/006774.jpg 191,70,218,100,0 126,141,140,158,0 422,90,448,117,0 354,115,370,137,0 290,83,313,106,0 283,117,302,140,0 206,147,221,167,0 218,146,232,162,0
./testset/006775.jpg 156,138,172,159,0 194,151,211,168,0 183,145,198,163,0 130,149,147,162,1
./testset/006776.jpg 56,65,92,101,0 98,79,123,107,0 179,82,196,106,0 227,98,242,115,0 310,113,322,124,0 265,110,278,121,0 284,115,292,127,0 39,87,55,107,0
./testset/006777.jpg 170,68,222,127,0 70,27,141,103,0 237,87,283,139,0
./testset/006778.jpg 327,122,359,159,0 284,143,318,179,0 472,114,500,151,0 122,128,140,148,0 196,128,211,146,0 232,121,254,143,0 257,131,272,150,0 297,119,319,145,0 367,123,384,146,0 442,125,467,156,0 274,127,285,140,0 168,127,184,145,0 140,135,154,149,0
./testset/006779.jpg 39,20,114,120,0
./testset/006780.jpg 176,92,227,161,0 336,142,367,186,0 421,94,452,136,0 441,83,462,119,0 278,92,317,143,1 321,101,347,130,1
./testset/006781.jpg 177,178,204,202,0
./testset/006782.jpg 136,132,169,173,0 1,136,45,180,0 48,134,83,170,0 191,138,216,171,0 106,144,135,168,0 276,161,300,190,0
./testset/006783.jpg 363,8,429,107,1 92,84,158,163,1 227,42,288,117,1
./testset/006784.jpg 166,8,191,36,0 23,1,48,28,0 105,4,120,26,0 152,8,171,34,0 75,22,86,37,0 61,31,74,44,0
./testset/006785.jpg 244,111,274,151,0 99,78,157,136,0 370,162,383,183,0
./testset/006786.jpg 199,12,293,119,0 347,19,458,148,0
./testset/006787.jpg 196,35,309,170,0 258,93,386,225,0
./testset/006788.jpg 214,49,260,107,0 370,151,438,219,0
./testset/006789.jpg 462,33,500,123,1 435,116,459,148,1 443,79,485,139,1 385,99,408,133,1 352,82,390,130,1 275,93,313,133,1 160,96,190,127,1 104,102,138,140,1 56,93,98,145,1
./testset/006790.jpg 32,75,146,174,0 388,0,491,82,0
./testset/006791.jpg 97,122,131,160,1 442,141,469,167,1 3,141,21,162,1 39,147,61,170,1 128,143,145,167,1 158,145,176,171,0 173,143,193,167,1 214,142,234,165,1 271,144,289,168,1 286,136,305,160,1 306,145,328,168,1 344,147,360,169,1 358,135,375,166,1 374,143,395,169,1 411,148,437,177,1 464,143,481,164,1
./testset/006792.jpg 64,95,90,125,0 117,89,145,127,0
./testset/006793.jpg 167,129,203,171,0 86,122,119,161,0 219,126,249,164,0 301,122,343,170,0 2,143,24,172,0
./testset/006794.jpg 60,146,138,241,1 400,122,492,226,1 115,128,158,183,1 339,119,370,161,1 299,104,328,141,1 160,103,178,129,1 265,111,287,137,1 256,103,273,128,1 370,110,394,132,1
./testset/006795.jpg 403,114,457,178,0 274,112,306,146,0 372,120,390,144,0
./testset/006796.jpg 103,62,143,116,0 364,101,383,129,0 389,107,407,131,0
./testset/006797.jpg 120,393,152,440,0 47,339,76,375,0 1,530,20,586,0
./testset/006798.jpg 56,82,95,126,0 280,69,309,111,0 355,71,402,120,0 102,55,170,128,0
./testset/006799.jpg 0,191,167,332,0
./testset/006800.jpg 180,12,323,194,0
