./trainset/000001.jpg 178,84,230,143,0 111,144,134,174,0
./trainset/000002.jpg 272,53,325,111,0 141,83,181,131,0
./trainset/000003.jpg 315,3,372,47,0 175,152,204,189,0 121,8,157,46,0 242,46,269,79,0
./trainset/000004.jpg 289,77,326,132,1 320,61,375,136,1 390,93,440,155,1 268,91,298,132,1 249,104,275,138,1 374,94,407,140,1
./trainset/000005.jpg 23,54,111,149,0 252,84,317,158,0
./trainset/000006.jpg 187,84,218,135,1 154,82,195,141,1 131,100,160,140,1 9,68,75,141,1 90,105,119,134,1
./trainset/000007.jpg 280,127,337,208,0 8,125,86,235,0 115,139,180,230,0 375,152,410,219,0 412,148,474,233,0 336,148,387,223,0 247,124,294,203,0 197,177,231,227,0 174,156,201,219,0 477,143,500,222,0
./trainset/000008.jpg 295,426,352,490,0 220,368,265,412,0 189,234,240,279,0 240,182,288,225,0 313,392,354,429,0 337,370,377,413,0 152,240,195,287,1
./trainset/000009.jpg 300,64,334,90,0
./trainset/000010.jpg 439,81,474,123,0 321,0,374,59,0 211,57,247,107,0 115,66,149,110,0
./trainset/000011.jpg 207,150,226,176,0 43,160,59,179,0 14,153,28,167,0 25,159,39,178,0 81,158,93,176,0 100,154,113,173,0 112,160,130,183,0 144,151,162,173,0 193,159,207,179,0 184,155,196,173,0 238,154,252,172,0 254,153,267,173,0 268,158,284,179,0 346,169,373,196,1 298,151,317,172,0 339,151,352,169,0 363,151,382,174,0
./trainset/000012.jpg 75,20,174,128,0 284,131,303,155,0 381,189,407,215,0 242,32,258,55,0
./trainset/000013.jpg 0,100,176,331,0
./trainset/000014.jpg 437,174,487,233,0 326,184,379,248,0 228,249,310,352,0 372,120,402,169,0 326,137,364,185,0
./trainset/000015.jpg 467,214,495,250,0 321,155,346,185,0
./trainset/000016.jpg 129,28,239,140,0
./trainset/000017.jpg 150,102,184,144,0
./trainset/000018.jpg 128,38,149,61,0
./trainset/000019.jpg 254,70,283,107,1 107,71,137,101,1 181,66,215,111,1 145,66,174,104,1 303,61,349,121,1
./trainset/000020.jpg 95,32,123,65,0 149,93,176,120,0
./trainset/000021.jpg 71,80,158,189,0
./trainset/000022.jpg 257,114,296,167,0 77,135,108,172,0 197,130,226,172,0 224,135,250,172,0 167,140,193,175,0 113,144,141,179,0 158,145,175,180,0
./trainset/000023.jpg 1,94,24,152,0 232,131,274,180,1 161,137,200,186,1 305,140,346,196,1 339,155,368,198,1 257,107,286,142,1 203,104,232,140,1 462,119,486,152,1 392,112,418,147,1 386,94,409,124,1 159,118,193,151,1 414,124,436,159,1 417,101,440,128,1 221,127,244,161,1 453,112,471,139,1 488,104,500,133,1
./trainset/000024.jpg 81,4,169,97,0 314,5,346,57,0 193,8,222,45,0 230,12,249,43,0 361,7,403,71,0 160,30,199,93,1 201,50,235,99,1 257,17,273,39,1 284,18,309,48,1 374,1,479,99,1
./trainset/000025.jpg 64,19,180,140,0 204,75,286,177,0 340,0,468,138,0
./trainset/000026.jpg 95,0,167,63,0 167,45,231,123,0
./trainset/000027.jpg 157,126,176,146,0 214,102,238,122,0 275,97,300,117,0 376,84,403,108,0 320,89,341,104,0
./trainset/000028.jpg 257,38,312,105,0 93,47,121,81,0 133,103,166,132,0 178,125,221,178,0 224,125,264,174,0 327,44,391,118,0
./trainset/000029.jpg 24,58,85,123,0 123,65,163,106,0
./trainset/000030.jpg 58,148,84,180,1 305,136,329,164,1 280,145,302,172,1 214,148,237,174,1 172,147,189,171,1 102,140,130,169,1 124,153,147,176,1 148,152,165,178,1 38,149,59,176,1
./trainset/000031.jpg 160,39,189,72,0 276,203,304,236,0 291,38,303,57,0
./trainset/000032.jpg 227,102,303,193,0 51,109,126,190,0
./trainset/000033.jpg 33,44,89,111,0 20,48,118,300,2
./trainset/000034.jpg 194,115,245,170,0
./trainset/000035.jpg 316,60,406,181,0 393,31,473,126,0 160,1,251,73,0
./trainset/000036.jpg 48,63,122,132,0 19,214,128,285,0 69,278,168,361,0 173,64,260,154,0
./trainset/000037.jpg 47,22,202,199,0
./trainset/000038.jpg 43,46,100,108,0 244,51,304,112,0
./trainset/000039.jpg 292,87,331,127,0
./trainset/000040.jpg 139,108,157,129,0 179,111,196,130,0 146,62,163,80,0 172,114,202,186,2 145,63,169,133,2 137,111,163,198,2
./trainset/000041.jpg 46,104,65,130,0 118,90,159,139,0 178,90,221,138,0 245,98,275,135,1 78,92,105,124,1 16,91,41,127,1 445,127,469,159,1 373,107,406,141,1 343,121,364,149,1 309,115,344,150,1 296,126,316,159,1 268,125,291,155,1
./trainset/000042.jpg 98,10,213,150,0
./trainset/000043.jpg 434,101,470,144,0 282,110,318,140,0 161,47,212,97,0
./trainset/000044.jpg 77,50,222,191,0 292,76,408,200,0
./trainset/000045.jpg 123,1,202,89,0 20,1,271,351,2
./trainset/000046.jpg 257,94,288,136,0 166,95,206,146,0 420,50,497,133,0 75,86,130,146,0 339,110,379,154,0 202,95,231,135,0 0,72,65,145,0
./trainset/000047.jpg 398,188,441,229,0 440,197,496,255,0 205,137,272,206,0 325,178,338,196,0
./trainset/000048.jpg 223,67,262,120,0 368,90,412,145,0 99,59,146,118,0 1,60,42,163,0 20,73,55,146,0
./trainset/000049.jpg 128,168,233,275,0 158,475,290,601,0
./trainset/000050.jpg 96,100,161,148,0
./trainset/000051.jpg 162,112,194,139,0 234,128,251,147,0 296,133,313,153,0 318,130,332,149,0
./trainset/000052.jpg 76,206,103,234,0 104,192,129,220,0 200,196,222,220,0 167,207,192,228,0 129,200,148,221,0 65,191,90,218,0 250,208,267,227,0 429,216,449,233,1 417,223,432,238,0 44,200,66,219,1
./trainset/000053.jpg 130,146,154,175,0
./trainset/000054.jpg 166,182,188,207,0
./trainset/000055.jpg 109,7,254,164,0
./trainset/000056.jpg 379,168,424,221,1 340,154,372,193,1 91,160,120,202,1 318,107,348,139,1 238,147,265,181,1 117,153,143,193,1 146,155,174,190,1
./trainset/000057.jpg 53,98,91,136,1 371,93,405,134,1 265,97,297,132,1 224,112,249,146,1 323,109,336,126,0 450,117,470,140,1 437,119,454,142,1 178,104,191,120,0 165,105,178,119,1 234,99,248,115,0
./trainset/000058.jpg 168,94,220,171,0 226,7,358,158,0 56,174,80,218,0 117,195,137,231,0
./trainset/000059.jpg 414,63,497,165,0 34,33,124,132,0 106,65,162,142,1
./trainset/000060.jpg 411,0,588,177,0
./trainset/000061.jpg 51,14,80,50,0 268,47,299,80,0 371,23,400,54,0
./trainset/000062.jpg 194,245,307,380,0
./trainset/000063.jpg 176,44,207,79,0 72,41,98,72,0
./trainset/000064.jpg 339,73,358,94,0 249,85,265,100,0 333,75,346,93,0
./trainset/000065.jpg 2,107,56,155,0 246,126,269,157,0 341,191,355,206,0
./trainset/000066.jpg 240,50,318,150,0
./trainset/000067.jpg 249,95,283,138,0 385,110,409,141,0 188,114,215,151,0 312,113,333,144,0 335,112,357,142,0 439,117,470,147,0
./trainset/000068.jpg 179,4,243,88,0 40,85,76,122,0 69,64,115,108,0 2,110,29,144,0
./trainset/000069.jpg 90,157,116,185,0 42,139,65,164,0
./trainset/000070.jpg 52,137,77,167,0
./trainset/000071.jpg 74,112,102,146,0 265,60,285,84,0 138,99,149,112,0
./trainset/000072.jpg 309,48,362,128,0
./trainset/000073.jpg 298,132,353,213,0 97,183,172,263,0 331,102,416,215,0 103,68,148,124,0 61,106,83,130,0 160,125,191,158,0 263,84,300,125,0 230,107,254,137,0 144,82,176,112,0
./trainset/000074.jpg 89,82,265,302,0
./trainset/000075.jpg 411,31,454,82,0 264,20,305,66,0 473,33,500,73,0 395,38,426,80,0 213,92,280,165,0 93,94,123,125,0 266,72,292,104,0 350,45,367,73,0
./trainset/000076.jpg 300,143,337,195,0 390,305,405,330,0
./trainset/000077.jpg 252,85,285,128,0 208,85,246,134,0 444,97,472,135,0 100,74,146,132,0 329,77,380,132,0 391,122,417,160,0 324,84,358,128,0 3,118,18,141,0 19,113,43,147,0
./trainset/000078.jpg 208,109,260,171,0 272,104,325,160,0
./trainset/000079.jpg 118,397,226,559,0
./trainset/000080.jpg 45,2,130,87,0 324,29,396,110,0 269,56,325,120,0 120,12,178,82,0 31,36,60,72,0 315,15,373,66,0 454,1,490,112,0
./trainset/000081.jpg 354,1,437,88,0 25,33,60,79,1 303,30,337,76,1 48,37,93,94,1 212,25,266,84,1 189,22,225,73,1 435,37,463,72,1 332,34,351,71,1 267,32,297,67,1
./trainset/000082.jpg 75,140,123,196,0 145,2,204,62,0
./trainset/000083.jpg 350,82,414,154,0 242,139,294,200,0
./trainset/000084.jpg 40,15,109,95,0 173,66,219,125,0 256,97,285,135,0 457,78,500,139,0 374,114,408,148,0 134,94,164,137,0 297,58,346,126,0 433,114,451,143,0
./trainset/000085.jpg 175,137,212,182,1 92,139,125,180,1
./trainset/000086.jpg 228,136,249,160,0 191,107,212,132,0
./trainset/000087.jpg 228,41,292,108,0
./trainset/000088.jpg 41,136,59,153,0 272,130,287,148,0 33,136,82,226,2 252,129,300,208,2
./trainset/000089.jpg 41,111,85,157,0 441,152,476,184,0 215,173,234,194,0
./trainset/000090.jpg 72,148,109,197,0 9,124,61,187,0 219,157,248,196,0 424,110,492,188,0 111,159,140,198,0 151,155,183,190,0 383,158,412,200,0 314,151,343,186,0 358,146,384,185,0 275,153,299,189,0 414,145,441,197,0
./trainset/000091.jpg 142,43,224,150,1 239,54,312,140,1 304,109,340,148,1 1,97,40,160,1 364,127,396,170,1 410,108,463,177,1 372,131,410,179,1
./trainset/000092.jpg 37,2,96,76,0 128,23,164,68,0
./trainset/000093.jpg 63,48,121,119,0 158,70,212,119,1 139,70,250,333,2 21,55,142,333,2
./trainset/000094.jpg 114,88,183,162,0 389,36,446,100,0 229,79,300,145,0 288,57,352,129,0 322,36,372,110,0
./trainset/000095.jpg 383,168,420,206,0 10,156,37,185,0 260,164,282,193,0 48,167,66,188,0 121,168,143,194,0 144,172,157,188,0 160,172,177,192,0 182,170,205,195,0 209,171,229,190,0
./trainset/000096.jpg 194,22,254,77,0 315,39,379,100,0
./trainset/000097.jpg 232,130,261,166,0
./trainset/000098.jpg 112,172,133,196,1 145,169,164,190,1 168,161,195,190,1 307,158,333,190,1 356,178,373,195,1 444,179,460,197,1 217,161,241,188,0 261,170,286,196,0
./trainset/000099.jpg 231,1,354,144,0
./trainset/000100.jpg 319,15,420,131,0
./trainset/000101.jpg 208,17,325,154,0 104,0,200,115,0
./trainset/000102.jpg 140,14,290,173,0
./trainset/000103.jpg 73,32,132,101,0 221,42,266,103,0 327,39,374,95,0 202,62,225,98,0
./trainset/000104.jpg 123,35,161,77,0 382,148,440,211,0 230,56,270,106,0 212,24,247,68,0 119,114,159,160,1
./trainset/000105.jpg 161,99,215,160,0 84,148,121,193,0
./trainset/000106.jpg 308,3,417,124,0
./trainset/000107.jpg 107,22,149,84,0 300,111,319,140,0 363,104,386,131,0
./trainset/000108.jpg 54,318,91,361,0 223,3,253,36,0 96,312,122,344,0 193,130,216,159,0 338,311,360,338,1
./trainset/000109.jpg 263,4,426,174,0
./trainset/000110.jpg 217,105,247,147,0 181,148,217,189,0 336,97,367,135,0 280,112,308,147,0 61,83,89,118,0 302,88,329,123,0
./trainset/000111.jpg 84,264,104,284,0 197,182,217,206,0 242,130,262,154,0 349,68,367,86,0
./trainset/000112.jpg 386,132,420,171,0 212,144,235,173,0
./trainset/000113.jpg 50,1,94,54,0 129,51,150,83,0 175,65,191,90,0 87,91,97,106,0
./trainset/000114.jpg 126,125,222,231,0 407,178,478,248,0
./trainset/000115.jpg 8,72,218,353,0 228,133,404,370,0
./trainset/000116.jpg 131,26,228,135,0 273,76,302,111,0
./trainset/000117.jpg 308,105,404,212,0 435,143,495,212,0 242,59,338,162,0
./trainset/000118.jpg 325,323,422,433,0
./trainset/000119.jpg 320,82,346,116,0
./trainset/000120.jpg 143,149,186,191,0
./trainset/000121.jpg 83,35,141,113,1 249,69,293,122,1 172,74,227,145,1 446,69,497,129,1 374,69,425,131,1 291,54,343,119,1
./trainset/000122.jpg 164,122,500,517,0
./trainset/000123.jpg 118,53,151,98,0 93,57,121,94,0 237,63,273,107,0 338,48,378,99,0 189,54,225,100,0 172,62,197,103,0 1,31,66,305,2 336,48,398,311,2 234,63,297,310,2 143,57,235,334,2 97,55,158,270,2 71,58,125,254,2
./trainset/000124.jpg 140,1,214,87,0 262,1,362,59,0
./trainset/000125.jpg 349,22,464,142,0 3,41,165,183,0
./trainset/000126.jpg 68,62,164,163,0 319,47,403,135,0
./trainset/000127.jpg 374,166,407,201,0 90,143,112,164,0 200,136,227,164,0 212,91,228,110,0 189,99,206,115,0 401,87,425,111,0 464,137,485,158,0 478,95,499,122,0 435,90,450,112,0
./trainset/000128.jpg 437,121,486,165,1 128,112,158,148,1 385,122,420,160,1 275,119,302,148,1 473,97,498,143,1 157,119,173,147,0 192,128,208,148,0 257,132,273,152,0 216,134,232,155,1 173,134,190,156,1 305,130,330,162,1 329,129,343,150,1 359,133,380,155,1
./trainset/000129.jpg 299,166,316,186,0 346,167,365,188,0 304,218,322,233,0
./trainset/000130.jpg 460,14,494,56,0 280,259,348,331,0 315,10,356,67,0 418,21,454,60,0 211,39,261,99,0 423,73,469,121,0 351,86,401,145,0 1,78,31,143,0 124,4,150,34,0 96,16,122,52,0
./trainset/000131.jpg 325,1,401,94,0 135,51,174,103,0 197,39,233,89,0 266,47,305,96,0
./trainset/000132.jpg 11,76,47,120,1 204,69,242,119,1 106,82,143,128,1 319,62,359,115,1 247,84,272,121,1 51,86,71,110,1 95,88,109,109,1 158,86,175,108,1 273,90,289,111,1 139,84,156,109,1
./trainset/000133.jpg 58,101,114,156,0 211,221,254,259,0
./trainset/000134.jpg 293,81,329,123,0 103,99,137,129,0
./trainset/000135.jpg 405,50,437,89,0 253,24,302,95,0 31,58,71,107,0 127,35,171,86,0 19,58,104,238,2 95,37,194,271,2 230,30,383,310,2 387,48,463,257,2
./trainset/000136.jpg 161,179,192,206,0
./trainset/000137.jpg 438,28,497,98,0 195,64,239,118,0 325,60,372,118,0 3,206,59,260,0 70,172,114,221,0
./trainset/000138.jpg 186,45,241,105,0
./trainset/000139.jpg 90,139,137,169,0 132,135,165,165,0 161,132,192,167,0 198,149,230,171,0 269,148,295,176,0
./trainset/000140.jpg 272,164,305,200,0
./trainset/000141.jpg 2,131,33,170,0 458,149,500,206,1 99,140,129,176,1 265,131,289,166,1 223,134,251,161,1 151,127,175,162,1 65,127,88,154,1 124,120,144,145,0 122,134,140,156,1 190,128,208,155,1 216,124,234,153,1 301,126,324,154,1 250,124,266,144,1
./trainset/000142.jpg 320,23,350,59,0 79,22,108,58,0 360,38,383,66,0 245,37,257,54,0
./trainset/000143.jpg 89,0,337,226,0 458,26,549,125,0 344,57,420,138,0
./trainset/000144.jpg 149,79,245,194,0
./trainset/000145.jpg 273,45,367,145,0 105,30,216,148,0
./trainset/000146.jpg 322,141,356,189,0 205,143,248,186,0 298,135,330,177,0 404,76,431,110,0 260,86,283,114,0 287,85,312,115,0 214,142,222,184,0
./trainset/000147.jpg 103,479,285,716,0 315,469,477,676,0
./trainset/000148.jpg 173,98,202,136,0 42,89,88,131,0 316,87,359,131,0 392,92,423,126,0 252,98,273,130,0 268,96,290,130,0
./trainset/000149.jpg 167,21,236,108,0
./trainset/000150.jpg 22,73,66,118,1 221,62,281,137,1 377,85,419,136,1 312,70,363,129,1 75,63,143,142,1 461,77,498,118,1
./trainset/000151.jpg 208,179,253,211,0 271,132,295,152,0
./trainset/000152.jpg 247,77,334,183,0 91,45,186,164,0 347,63,438,176,0
./trainset/000153.jpg 139,84,214,148,0
./trainset/000154.jpg 230,100,268,144,1 414,79,467,136,1 152,80,201,136,1 274,110,295,137,1
./trainset/000155.jpg 39,30,117,122,0 213,39,278,117,0 372,65,452,157,0
./trainset/000156.jpg 154,554,222,605,0 230,526,289,584,0 304,516,341,566,0
./trainset/000157.jpg 378,46,452,121,0 308,12,357,71,0 23,82,62,127,0 72,97,98,126,0 221,23,247,57,0 256,42,283,67,0
./trainset/000158.jpg 208,157,225,175,0 178,157,195,173,0 323,161,347,186,0
./trainset/000159.jpg 144,57,182,108,0 252,72,281,102,0 353,47,374,71,0
./trainset/000160.jpg 265,115,303,168,1 309,126,343,169,1 52,91,120,168,1 5,99,54,154,1 131,112,182,169,1 411,92,496,179,1 366,113,406,165,1 214,91,262,163,1
./trainset/000161.jpg 302,282,402,393,0 235,219,329,313,0
./trainset/000162.jpg 71,71,108,112,0 161,111,212,160,0 100,141,177,213,0 401,26,445,78,1 339,48,367,85,1 205,66,239,101,1 294,66,314,94,0 262,75,283,103,0 248,79,264,102,0 225,75,243,105,0 325,70,350,94,1 455,64,474,91,1
./trainset/000163.jpg 359,73,434,157,0 197,28,261,114,0 347,123,473,270,0 221,52,308,142,0 8,37,209,243,0 140,175,281,319,0
./trainset/000164.jpg 200,77,238,123,1 138,88,169,125,1 403,78,450,129,1 66,75,115,138,1
./trainset/000165.jpg 220,132,245,165,0 53,155,78,184,0 125,146,143,167,0 151,143,165,168,0 163,155,177,173,0 186,156,200,175,0 338,142,360,165,0 368,132,386,162,0 49,140,65,162,0 31,148,48,168,0
./trainset/000166.jpg 95,0,236,205,0
./trainset/000167.jpg 80,191,113,226,0 181,195,206,223,0 367,197,394,226,0
./trainset/000168.jpg 66,34,223,210,0
./trainset/000169.jpg 169,18,209,69,0
./trainset/000170.jpg 185,52,221,97,1 306,54,340,96,1 245,60,282,101,1 435,69,474,111,1 111,74,137,105,1 371,88,392,112,1
./trainset/000171.jpg 226,165,246,184,0 270,61,286,79,0 292,99,311,114,0
./trainset/000172.jpg 100,62,282,269,0
./trainset/000173.jpg 44,96,78,138,1 393,91,432,135,1 128,95,156,130,1 224,97,249,129,1 290,95,318,122,1
./trainset/000174.jpg 275,95,324,143,0 386,102,428,145,0
./trainset/000175.jpg 59,43,118,107,1 397,61,448,114,1 125,65,156,105,1 336,62,369,100,1 260,73,294,112,1 235,85,260,115,1 188,79,214,109,1 110,77,129,109,1
./trainset/000176.jpg 345,74,417,146,0 32,125,65,166,0 250,127,303,177,0 178,124,219,164,0 136,152,165,188,0 86,162,113,189,0 144,126,170,154,0 101,149,128,175,0 88,143,107,163,0
./trainset/000177.jpg 23,96,57,135,1 86,108,113,138,1 105,100,123,123,1 179,71,216,121,1 240,67,285,114,1 334,78,372,117,1 400,68,448,119,1 387,102,408,125,1 137,116,150,133,1
./trainset/000178.jpg 162,295,211,356,0
./trainset/000179.jpg 157,95,203,152,0
./trainset/000180.jpg 265,51,301,98,0 335,42,379,99,0 31,79,74,132,0 195,56,227,96,0 160,64,188,102,0
./trainset/000181.jpg 180,108,210,147,1 423,105,489,171,1 298,126,328,161,1 51,121,74,151,1 155,135,172,157,1 360,139,387,165,1 344,138,358,160,1 140,135,155,158,1 246,126,263,150,1 265,134,285,161,1
./trainset/000182.jpg 61,126,102,171,0 403,170,432,205,0 176,149,195,175,0 155,175,169,194,0 195,161,212,181,0 240,177,258,197,0 241,147,260,168,0 276,151,296,172,0 286,142,303,163,0 312,143,332,167,0
./trainset/000183.jpg 201,43,260,122,0 151,50,275,299,2
./trainset/000184.jpg 125,121,180,183,0
./trainset/000185.jpg 163,125,206,154,0 161,126,268,330,2
./trainset/000186.jpg 63,99,125,187,0 1,93,34,183,0 198,95,263,184,0 124,83,187,158,0 43,61,96,139,0 170,57,221,122,0 244,58,298,149,0 21,65,63,130,0 1,49,29,99,0 123,37,167,91,0 288,65,321,137,0 63,44,106,92,0 232,8,266,41,0 263,22,301,69,0 309,51,337,124,0 110,12,142,56,0 89,32,122,82,0
./trainset/000187.jpg 6,144,26,164,0 130,153,153,179,0 120,142,140,165,0 197,168,216,186,0 206,156,220,172,0 301,141,321,164,0 378,142,397,161,0
./trainset/000188.jpg 366,75,439,150,0 243,95,318,187,0
./trainset/000189.jpg 210,66,282,157,0 41,63,143,173,0
./trainset/000190.jpg 36,36,180,186,0 31,53,334,498,2
./trainset/000191.jpg 55,1,95,46,0 136,28,164,62,0 214,15,238,46,0 341,1,382,35,0 6,56,20,74,0
./trainset/000192.jpg 299,20,417,153,0
./trainset/000193.jpg 400,64,434,109,1 348,34,396,94,1 321,65,352,99,1 99,76,127,111,1 250,73,274,107,1 155,61,181,93,1
./trainset/000194.jpg 3,75,110,205,0 171,82,247,174,0 236,86,296,156,0 344,61,414,151,0 73,89,109,145,0
./trainset/000195.jpg 285,206,324,258,0 175,130,207,164,0 119,125,153,161,0 102,108,128,140,0 99,71,131,106,0
./trainset/000196.jpg 173,84,211,130,1 257,82,295,137,1 115,115,145,151,1 381,93,409,125,1 328,103,349,130,1 485,103,500,128,1 468,110,483,127,1 427,108,442,125,1 247,118,264,140,1
./trainset/000197.jpg 108,14,154,71,0 314,48,367,94,0
./trainset/000198.jpg 96,94,125,132,0 164,83,190,117,0
./trainset/000199.jpg 258,80,301,132,0 129,74,174,133,0 366,87,411,146,0 59,101,86,137,0 169,116,198,153,0 475,102,495,149,0 217,113,243,148,0 43,110,62,140,0 318,127,339,153,0 479,60,500,131,0
./trainset/000200.jpg 334,96,372,146,0 228,125,261,164,0 135,126,158,156,0 83,142,100,162,0
./trainset/000201.jpg 22,40,47,71,0 255,29,298,81,0 30,109,58,142,0 152,112,176,142,0 66,107,87,135,0 190,55,215,85,0
./trainset/000202.jpg 161,38,201,89,0
./trainset/000203.jpg 315,32,392,123,0 159,70,219,141,0
./trainset/000204.jpg 324,81,369,126,0 47,73,79,110,0 260,88,281,113,0
./trainset/000205.jpg 162,61,212,111,0
./trainset/000206.jpg 76,32,126,87,0 149,55,187,106,0 223,71,254,112,0 280,48,354,124,0 387,47,409,119,0 353,78,398,135,0
./trainset/000207.jpg 257,107,288,146,1 214,92,254,138,1 358,110,391,147,1 31,57,85,117,1 109,78,153,132,1 286,104,315,140,1 143,98,164,135,1
./trainset/000208.jpg 91,10,234,189,0
./trainset/000209.jpg 42,166,79,207,0 149,212,173,241,0 252,173,277,197,1 280,162,302,189,1
./trainset/000210.jpg 99,60,128,99,0 64,28,106,72,0 267,117,322,173,0 220,137,251,177,0 141,64,163,94,0 179,72,199,99,0 273,23,295,63,0 233,63,258,98,0 202,80,222,104,0
./trainset/000211.jpg 235,81,291,143,0 348,140,381,188,0
./trainset/000212.jpg 46,57,70,87,0 108,66,127,88,0 130,67,150,91,0 160,65,176,84,0 196,70,214,92,0
./trainset/000213.jpg 30,40,55,67,0 175,68,198,94,0 7,52,44,94,0 130,91,155,112,0 158,101,178,122,1 287,18,300,55,1
./trainset/000214.jpg 117,60,187,137,0 37,131,113,199,0
./trainset/000215.jpg 288,208,330,253,0
./trainset/000216.jpg 69,36,125,96,0
./trainset/000217.jpg 176,120,205,154,0 238,117,264,153,0 103,135,129,171,0 459,136,482,172,0 405,134,432,166,1 61,135,88,170,1 316,127,338,156,1 148,131,167,159,0 259,130,277,157,1 358,141,376,162,1 220,136,235,158,1 295,134,315,154,1
./trainset/000218.jpg 351,157,382,192,1 4,156,31,185,1 117,165,143,194,1 140,146,162,173,1 158,154,182,185,1 185,165,201,187,1 227,165,254,196,1 264,162,286,190,1
./trainset/000219.jpg 119,123,157,176,0 245,126,279,176,0 55,114,93,167,0 186,117,222,169,0
./trainset/000220.jpg 58,198,116,257,1 22,194,64,241,1 386,167,420,202,1 95,174,126,205,1 51,175,76,197,1 65,161,89,184,1 97,152,117,171,1 240,149,257,174,1 313,155,338,179,1 344,155,373,184,1
./trainset/000221.jpg 22,88,62,140,1 150,109,189,160,1 414,126,450,170,1 195,120,226,164,1 318,132,362,179,1 262,124,302,166,1 98,126,128,168,1
./trainset/000222.jpg 257,65,353,181,0 27,143,82,212,0 97,122,148,185,0 394,6,498,122,0
./trainset/000223.jpg 208,23,231,47,0 187,66,209,88,0
./trainset/000224.jpg 73,94,152,190,0 427,132,462,169,0 230,61,299,120,0 380,143,406,172,0
./trainset/000225.jpg 38,67,88,123,0 134,92,167,130,0 206,96,232,128,0 262,110,287,139,0 1,101,15,133,0
./trainset/000226.jpg 300,279,332,327,0 279,62,326,111,0
./trainset/000227.jpg 233,19,359,143,0
./trainset/000228.jpg 137,17,160,49,0 167,21,193,51,0
./trainset/000229.jpg 142,39,215,118,0 276,11,351,99,0
./trainset/000230.jpg 49,74,65,98,0 140,146,156,166,0 211,82,223,104,0 407,132,425,149,0 318,156,335,175,0 280,103,298,121,0 222,115,239,129,0 239,96,256,111,0 239,108,257,128,0 322,256,336,279,0
./trainset/000231.jpg 151,49,174,79,0 231,42,259,81,0 265,49,298,87,0 211,41,236,72,0 187,52,201,69,0
./trainset/000232.jpg 219,105,305,171,0 55,96,312,385,2
./trainset/000233.jpg 105,194,122,214,0 114,157,134,175,0 249,47,265,71,0 388,193,412,218,0
./trainset/000234.jpg 249,68,322,145,0
./trainset/000235.jpg 125,25,177,106,0
./trainset/000236.jpg 64,59,79,80,0 149,60,163,79,1 90,65,105,86,1 15,69,29,87,1 119,65,133,83,1 172,66,185,78,1 205,61,222,83,1 237,58,257,77,1
./trainset/000237.jpg 76,5,100,26,0 161,39,175,55,0 295,117,318,139,0
./trainset/000238.jpg 10,246,36,268,0 105,142,150,186,0 303,218,320,236,0 325,220,342,235,0 261,254,271,267,0
./trainset/000239.jpg 231,5,272,49,0 314,117,330,139,0 303,125,319,144,0 245,166,257,183,0
./trainset/000240.jpg 44,225,69,248,0 210,227,228,247,0 104,122,116,140,0
./trainset/000241.jpg 248,168,278,206,0 115,146,134,167,0 141,152,164,173,0 182,123,195,136,0
./trainset/000242.jpg 97,47,164,125,1 202,30,259,93,1 65,79,90,112,1 331,67,378,125,1 12,93,23,108,1
./trainset/000243.jpg 317,147,414,231,0 447,130,486,172,0 356,113,389,142,0 302,104,329,131,0 266,95,283,113,0 224,93,239,110,0
./trainset/000244.jpg 295,38,336,97,0
./trainset/000245.jpg 346,54,416,147,1 55,37,149,145,1 204,86,260,159,1 403,106,439,148,1
./trainset/000246.jpg 174,17,198,44,0 269,94,293,116,0
./trainset/000247.jpg 213,86,266,150,0 145,34,193,96,0
./trainset/000248.jpg 372,158,395,185,0 164,197,181,213,0 180,220,197,235,0 230,192,242,203,0
./trainset/000249.jpg 12,121,68,185,0 88,105,149,167,0 430,114,471,154,0
./trainset/000250.jpg 194,75,323,221,0 98,110,219,236,0
./trainset/000251.jpg 23,80,184,270,0
./trainset/000252.jpg 47,217,70,243,0 295,219,321,248,0 224,104,246,127,0 234,5,258,27,0 363,231,378,246,0
./trainset/000253.jpg 76,136,106,171,1 126,138,152,167,1 172,132,210,172,1 265,148,291,181,1 201,161,230,186,1 232,165,247,180,1 321,169,338,188,1 358,152,388,186,1
./trainset/000254.jpg 232,79,333,199,0
./trainset/000255.jpg 288,155,324,192,0 310,92,336,126,0 165,57,202,90,0
./trainset/000256.jpg 186,58,243,118,0 47,56,61,73,0 87,54,103,69,0 169,28,188,56,0 306,92,319,106,0 195,45,214,59,0
./trainset/000257.jpg 335,0,408,91,0 102,57,161,133,0
./trainset/000258.jpg 61,140,88,169,1 208,140,229,165,1 421,146,439,166,1 117,152,130,170,1 134,151,147,168,1 157,152,172,169,1 171,150,181,167,1 194,147,210,167,1 250,152,269,173,1 350,149,368,170,1 403,151,420,168,1 371,152,388,170,1 325,144,341,163,1 277,156,292,175,1 290,153,302,173,1 18,152,32,170,1 1,153,18,173,1 85,148,97,168,1
./trainset/000259.jpg 188,204,229,240,0 138,274,183,309,0 213,106,261,152,0 259,225,306,276,0 330,189,378,229,0
./trainset/000260.jpg 148,114,198,179,0 297,113,317,135,0
./trainset/000261.jpg 227,101,248,132,0
./trainset/000262.jpg 338,83,371,124,1 414,88,450,141,1 241,78,273,120,1 39,63,71,108,1 142,89,175,130,1 208,77,236,118,1 88,83,113,117,1 164,75,188,111,1 273,77,293,107,1 310,97,335,127,1
./trainset/000263.jpg 363,59,386,77,0
./trainset/000264.jpg 116,84,179,137,0
./trainset/000265.jpg 210,121,236,148,0 248,83,262,103,0
./trainset/000266.jpg 262,338,301,386,0 194,109,227,158,0 230,259,264,305,0 308,264,340,308,0
./trainset/000267.jpg 129,38,158,70,0 169,69,199,104,0
./trainset/000268.jpg 202,104,237,152,0
./trainset/000269.jpg 151,154,180,194,0 247,137,275,172,1 112,149,139,182,1 314,157,341,189,1 371,146,401,179,1 179,145,201,174,1
./trainset/000270.jpg 233,33,259,67,0 148,17,177,47,0
./trainset/000271.jpg 145,244,163,272,0 279,233,298,259,0 312,242,330,266,0 165,252,178,269,0 174,242,189,258,0
./trainset/000272.jpg 205,3,284,78,0
./trainset/000273.jpg 258,161,316,234,0 176,152,227,206,0
./trainset/000274.jpg 79,81,135,144,0 415,45,487,117,0 1,49,52,147,0 159,90,190,120,0 236,75,259,104,0 281,86,307,112,0
./trainset/000275.jpg 119,203,151,232,0 98,176,119,199,0 294,161,316,187,0 226,140,245,159,0 158,147,174,161,0 64,143,81,159,0
./trainset/000276.jpg 27,94,73,141,0 63,46,146,143,0 113,121,154,173,0 147,142,179,177,0 174,128,218,181,0 210,112,270,174,0 290,127,344,192,0
./trainset/000277.jpg 177,124,212,172,0 240,103,291,163,0 135,107,168,151,0
./trainset/000278.jpg 147,40,172,68,0 235,109,254,132,0 337,71,355,95,0 281,119,304,149,1
./trainset/000279.jpg 7,94,53,135,0 39,109,124,175,0 87,81,136,116,0 168,73,244,124,0
./trainset/000280.jpg 151,92,183,139,0 135,115,143,125,0
./trainset/000281.jpg 64,142,114,198,0 211,116,240,151,1
./trainset/000282.jpg 35,127,81,173,0
./trainset/000283.jpg 211,117,248,166,1 396,130,447,197,1 317,122,354,170,1 119,120,153,171,1 141,118,169,165,1 36,119,56,149,1 484,129,500,173,1
./trainset/000284.jpg 194,88,216,114,0 107,97,132,119,0 281,80,309,108,0
./trainset/000285.jpg 1,0,149,134,0
./trainset/000286.jpg 173,90,193,112,0 384,183,410,217,0 451,193,484,221,0 435,181,460,211,0
./trainset/000287.jpg 201,194,219,216,1 271,186,296,211,1 308,201,327,225,1 351,191,378,214,1
./trainset/000288.jpg 187,348,219,373,0 166,241,193,264,0 208,222,237,253,0 229,95,253,123,0 299,19,320,40,0
./trainset/000289.jpg 94,146,134,191,0 157,139,180,171,0 143,140,161,164,0 205,141,225,167,0 231,141,257,174,0 270,132,294,160,0 334,141,367,177,0
./trainset/000290.jpg 223,9,342,144,0 158,13,419,300,2 1,253,48,300,1
./trainset/000291.jpg 284,79,344,149,0 74,128,117,176,0 375,70,400,96,0 231,59,248,75,0
./trainset/000292.jpg 180,157,207,182,0
./trainset/000293.jpg 227,175,263,208,0
./trainset/000294.jpg 128,44,195,115,0 191,8,259,72,0
./trainset/000295.jpg 148,108,179,143,0 175,125,198,155,0
./trainset/000296.jpg 62,45,116,94,0 195,116,213,134,0 245,132,257,145,0
./trainset/000297.jpg 391,146,417,174,0 210,149,239,182,0 249,141,272,172,0 302,141,330,175,0
./trainset/000298.jpg 215,159,257,208,1 279,163,314,204,1 115,154,158,210,1 451,134,487,189,1 23,135,92,216,1 350,148,394,203,1 183,156,213,197,1 392,120,456,196,1 269,144,297,176,1
./trainset/000299.jpg 226,95,248,119,0 247,89,270,113,0 265,97,279,119,0 286,98,302,117,0 379,86,400,110,0
./trainset/000300.jpg 79,157,130,217,0 336,139,383,200,0
./trainset/000301.jpg 52,67,101,130,0 118,73,165,129,0 196,79,284,162,0 295,84,366,153,0 421,86,480,143,0
./trainset/000302.jpg 364,188,431,245,0 206,168,248,216,0 193,165,280,333,2 322,180,426,333,2
./trainset/000303.jpg 114,91,151,141,0 291,107,325,152,1 437,106,471,153,1 390,101,436,156,1 259,130,291,168,1 87,112,113,146,1 146,123,169,156,1 178,133,196,156,1 200,141,216,164,1 219,137,237,158,1 346,134,367,163,1
./trainset/000304.jpg 82,17,184,126,0
./trainset/000305.jpg 221,38,256,82,0 229,137,269,188,0 149,109,206,161,0
./trainset/000306.jpg 139,36,172,72,1 222,49,252,81,1 277,35,313,73,1 341,29,387,84,1
./trainset/000307.jpg 240,39,300,114,0
./trainset/000308.jpg 392,82,440,131,1 28,89,67,133,1 263,82,297,124,1
./trainset/000309.jpg 162,70,250,145,0 291,202,302,214,0
./trainset/000310.jpg 196,60,220,85,0
./trainset/000311.jpg 298,17,333,59,0 267,43,303,98,0 378,73,440,148,0 185,20,222,75,0 340,10,376,49,0 242,21,273,58,0 334,38,373,95,0 432,21,476,72,0 66,90,136,171,0 117,48,157,100,0 368,35,404,87,0 27,44,74,101,0 270,12,298,50,0 10,84,75,164,0 295,56,343,120,0 146,61,199,127,0 206,47,258,124,0 473,64,500,132,0 162,14,186,51,0 106,27,137,59,0
./trainset/000312.jpg 227,140,249,165,0 359,168,384,194,0
./trainset/000313.jpg 239,108,278,137,0
./trainset/000314.jpg 310,101,345,143,0 368,69,433,136,0 123,134,162,180,0
./trainset/000315.jpg 226,236,247,260,0 278,233,294,253,0 262,239,276,260,0 299,236,320,257,1 75,243,91,260,1
./trainset/000316.jpg 140,196,165,223,0 192,119,214,145,0 133,51,154,73,0
./trainset/000317.jpg 338,56,361,80,0 216,187,228,202,0 241,204,257,221,0 131,144,145,162,0 167,146,183,161,0
./trainset/000318.jpg 402,113,459,179,0 274,112,306,146,0 369,121,388,144,0
./trainset/000319.jpg 285,127,327,175,0
./trainset/000320.jpg 115,104,165,163,0 220,101,263,161,0 419,92,462,146,0 198,123,226,165,0 158,130,187,166,0 8,142,36,174,0
./trainset/000321.jpg 390,102,422,145,0 309,109,341,150,0 257,85,295,140,0 421,61,489,146,0 159,73,205,133,0 303,100,324,131,0 513,73,533,133,0
./trainset/000322.jpg 145,62,188,120,0 220,57,284,140,0
./trainset/000323.jpg 122,108,156,151,0 188,109,216,145,0 397,135,425,168,0 289,130,313,162,0 235,126,261,158,0 41,124,65,152,0 148,126,169,157,0 430,138,453,171,0
./trainset/000324.jpg 207,98,245,154,1 240,93,278,145,1 153,80,210,149,1 10,18,89,112,1
./trainset/000325.jpg 225,101,257,138,0
./trainset/000326.jpg 234,56,341,180,0 99,55,201,175,0
./trainset/000327.jpg 134,61,165,101,0 232,74,257,104,0 366,81,387,110,0 298,74,323,106,0 191,71,216,101,0 403,92,423,120,0
./trainset/000328.jpg 351,160,367,186,0 342,166,390,282,2
./trainset/000329.jpg 42,118,79,154,0 53,86,82,122,0 84,83,121,123,0
./trainset/000330.jpg 89,51,207,196,0
./trainset/000331.jpg 448,65,528,136,0 228,41,308,129,0 257,169,306,211,1 267,114,329,170,1
./trainset/000332.jpg 473,136,519,177,0 157,114,196,157,0 274,124,295,153,0 464,113,495,141,0 191,124,210,159,0 294,124,310,150,0 326,123,343,144,0 348,122,372,147,0 409,122,432,149,0
./trainset/000333.jpg 114,185,167,249,0 298,108,401,237,0 80,178,116,239,0 47,199,73,240,0 27,187,58,220,0 7,184,29,213,0
./trainset/000334.jpg 319,108,355,152,0
./trainset/000335.jpg 277,140,301,163,0 230,181,253,198,0
./trainset/000336.jpg 293,0,408,135,0
./trainset/000337.jpg 127,104,191,165,0 240,84,303,164,0 87,83,129,143,0 330,105,409,185,0 119,75,163,118,0 456,82,500,193,0
./trainset/000338.jpg 444,280,487,323,0 312,219,341,252,0 477,257,500,297,0 261,207,284,235,0 1,246,17,276,0 52,237,73,266,0 99,241,121,265,0 102,10,119,24,0 135,86,152,104,0 200,214,221,235,0 286,254,313,289,0 234,251,260,284,0 207,255,232,287,0 203,243,226,272,0 165,240,184,262,0 243,176,264,193,0 226,162,241,181,0 185,166,205,188,0 212,129,227,151,0 191,140,205,158,0 383,262,413,285,1
./trainset/000339.jpg 118,214,181,278,0 279,101,335,154,0 49,92,108,139,0 191,72,240,135,0 49,125,124,191,0 151,1,199,44,0 103,58,148,108,1 211,222,280,281,1 308,247,360,298,1 332,113,396,173,1
./trainset/000340.jpg 212,92,250,140,0 401,93,461,156,0 316,97,360,151,0 113,71,160,127,0
./trainset/000341.jpg 51,48,119,128,0 205,131,236,164,0 282,129,305,155,0
./trainset/000342.jpg 186,211,202,230,0 260,228,277,245,0 218,86,233,101,0 253,101,264,116,0
./trainset/000343.jpg 138,24,206,113,0
./trainset/000344.jpg 137,79,170,121,0
./trainset/000345.jpg 245,68,294,121,0
./trainset/000346.jpg 268,71,296,103,0
./trainset/000347.jpg 37,43,105,131,0
./trainset/000348.jpg 190,48,230,94,0 275,92,314,127,0 435,120,462,146,0
./trainset/000349.jpg 245,137,287,189,0 183,57,211,93,0
./trainset/000350.jpg 155,17,269,165,0
./trainset/000351.jpg 278,111,327,179,0 94,29,174,115,0
./trainset/000352.jpg 93,82,306,358,0
./trainset/000353.jpg 261,91,283,115,0 329,130,349,161,0
./trainset/000354.jpg 335,91,377,121,0
./trainset/000355.jpg 16,132,30,145,0 64,106,106,153,1 48,124,63,142,1 170,112,196,139,1 199,110,225,138,1 237,116,255,138,1 255,121,271,141,1 285,120,298,135,1 313,119,333,140,1 346,116,365,137,1 378,113,397,132,1 402,114,414,132,1 422,109,441,131,1 454,113,465,128,1
./trainset/000356.jpg 317,236,358,275,0
./trainset/000357.jpg 149,45,355,296,0
./trainset/000358.jpg 273,60,305,98,0 103,66,132,106,0 365,78,401,118,0 327,76,355,108,0 202,75,228,109,0 132,72,156,105,0 157,83,177,114,0 238,96,254,119,0 256,86,276,115,0
./trainset/000359.jpg 87,251,134,310,0 224,264,271,325,0
./trainset/000360.jpg 155,66,250,179,0
./trainset/000361.jpg 281,50,321,92,0 159,64,195,106,0 93,37,115,70,0 20,115,48,140,0 208,95,231,127,0 267,105,291,139,0
./trainset/000362.jpg 222,239,232,252,0 290,159,321,197,0 41,225,52,239,0 138,244,148,257,0 71,236,79,246,0
./trainset/000363.jpg 264,180,281,199,0
./trainset/000364.jpg 253,103,281,129,0 286,103,313,130,0 145,193,156,209,0 156,196,169,211,0
./trainset/000365.jpg 89,1,171,46,0
./trainset/000366.jpg 115,41,154,89,1 5,9,69,86,1 396,23,450,83,1 270,32,311,89,1
./trainset/000367.jpg 1,1,152,159,0 99,41,228,203,0 416,1,499,165,0
./trainset/000368.jpg 213,104,283,178,0 328,21,464,150,0
./trainset/000369.jpg 253,132,268,150,0 296,129,312,148,0
./trainset/000370.jpg 204,134,223,160,0 221,84,239,102,0
./trainset/000371.jpg 333,96,373,153,1 45,75,107,147,1 197,81,242,141,1 376,72,433,150,1 254,121,282,158,1 174,121,204,150,1 129,139,149,163,1 107,122,127,153,1
./trainset/000372.jpg 177,119,206,155,0 104,136,130,169,0 462,137,485,170,0 239,117,263,152,0 406,134,434,166,1 62,137,88,171,1 318,125,342,156,1 149,130,169,161,0 221,135,238,156,1 208,137,221,156,1 262,128,280,156,1 299,134,319,158,1 277,137,293,157,1 362,139,378,161,1 353,141,368,159,1 374,139,387,157,1
./trainset/000373.jpg 85,108,165,182,0 263,243,351,331,0 326,90,408,168,0 387,12,465,105,0 280,167,354,241,0 449,76,500,162,0 311,42,378,115,0 99,203,186,279,0 446,192,500,288,0 183,127,253,191,1 349,208,420,287,1
./trainset/000374.jpg 64,14,85,40,0 245,24,271,52,0 167,22,192,49,0 122,45,151,75,0 89,21,118,57,0 41,19,63,39,0 98,68,116,89,0
./trainset/000375.jpg 16,234,251,507,0 450,275,635,469,0
./trainset/000376.jpg 279,104,318,155,0 152,114,185,157,0 238,111,273,157,0 341,107,376,157,0 188,124,218,160,0 420,116,450,150,0 373,109,399,151,0 105,119,132,156,0
./trainset/000377.jpg 229,87,282,161,0 283,59,367,149,1
./trainset/000378.jpg 234,161,252,182,0 95,315,115,335,0
./trainset/000379.jpg 111,120,127,142,0 136,153,156,172,0 193,144,211,165,0 294,121,310,143,0 275,125,288,141,0 224,155,244,175,0 236,141,252,160,0 252,152,271,174,0 168,145,186,162,1
./trainset/000380.jpg 183,55,221,98,0 309,14,358,74,0
./trainset/000381.jpg 187,54,265,154,0 1,40,65,125,0
./trainset/000382.jpg 195,133,248,200,0 176,1,218,49,0
./trainset/000383.jpg 251,116,276,147,0 207,124,229,154,0 234,138,248,157,0
./trainset/000384.jpg 177,23,253,128,0
./trainset/000385.jpg 455,180,496,227,0 95,51,124,84,0 280,47,304,71,0 242,57,261,84,0 91,208,139,256,1 149,203,189,250,1 377,191,420,229,1 430,188,464,228,1
./trainset/000386.jpg 157,117,178,147,0 222,119,242,145,0
./trainset/000387.jpg 41,221,106,280,0 22,60,66,110,1 121,55,142,80,1 177,86,203,122,1 224,80,288,155,1 114,246,149,279,1
./trainset/000388.jpg 193,106,218,144,0 168,117,192,152,0 97,116,125,150,0 247,110,270,145,0 43,120,67,148,0 4,165,22,189,0 309,115,335,149,0 121,109,146,144,0
./trainset/000389.jpg 130,0,183,72,0
./trainset/000390.jpg 23,103,109,201,0 178,137,228,199,0
./trainset/000391.jpg 312,16,391,108,0 248,66,309,137,0 181,56,235,135,0
./trainset/000392.jpg 306,193,346,243,1 25,246,127,358,1 179,210,220,258,1 62,226,105,263,1 435,198,471,240,1
./trainset/000393.jpg 94,50,119,79,0 57,49,75,64,0
./trainset/000394.jpg 346,158,379,194,0
./trainset/000395.jpg 75,141,101,168,0 369,145,393,171,0 444,134,475,166,0
./trainset/000396.jpg 87,47,164,137,0 410,68,430,85,0 343,63,359,81,0
./trainset/000397.jpg 267,39,304,84,0 151,60,200,123,0 302,35,361,109,0 52,78,79,112,0
./trainset/000398.jpg 198,64,238,101,0 246,87,269,117,0
./trainset/000399.jpg 226,160,253,192,0
./trainset/000400.jpg 206,86,282,168,1
./trainset/000401.jpg 104,2,218,118,0 299,99,350,168,0 246,83,308,165,0
./trainset/000402.jpg 269,68,324,121,0 106,178,150,218,0
./trainset/000403.jpg 232,35,298,129,0
./trainset/000404.jpg 326,110,439,234,0 409,1,600,290,0
./trainset/000405.jpg 386,184,436,238,0 71,101,109,136,0
./trainset/000406.jpg 125,25,198,114,0 171,83,206,132,0 56,33,198,329,2 170,83,209,301,2 376,125,396,144,1 370,123,419,176,2
./trainset/000407.jpg 171,39,241,129,0 89,45,153,126,0
./trainset/000408.jpg 199,174,214,193,0 334,181,354,200,0
./trainset/000409.jpg 370,132,408,181,1 33,125,73,178,1 409,142,466,203,1 65,112,99,155,1 96,111,118,145,1 348,127,375,160,1 324,116,352,144,1 291,117,315,144,1 115,116,130,144,1
./trainset/000410.jpg 215,267,260,317,0
./trainset/000411.jpg 263,80,302,120,0
./trainset/000412.jpg 170,175,231,236,0 137,49,199,105,0 125,166,228,500,2 64,57,201,231,2
./trainset/000413.jpg 262,157,298,195,0 46,173,58,184,0 374,160,393,181,0
./trainset/000414.jpg 337,66,414,136,0 250,139,290,179,0
./trainset/000415.jpg 307,89,327,116,0
./trainset/000416.jpg 372,48,486,173,0 200,100,253,164,1 468,63,500,159,1
./trainset/000417.jpg 310,49,418,174,0
./trainset/000418.jpg 49,111,62,125,0 314,99,328,112,0 358,143,376,159,0 571,148,592,175,0 655,154,681,179,0 479,108,491,120,0 471,103,482,115,0 178,78,186,89,0 168,83,176,93,0 38,113,67,179,2 165,83,177,125,2 177,81,190,117,2 355,142,384,239,2 305,99,328,148,2 480,109,501,176,2 466,104,481,161,2 553,153,606,264,2 639,156,712,300,2
./trainset/000419.jpg 418,133,454,158,0 48,10,78,39,0 150,137,176,164,0 250,134,270,156,0 284,136,302,157,0 319,133,338,155,0 370,131,394,158,0
./trainset/000420.jpg 16,185,60,228,0
./trainset/000421.jpg 15,204,122,308,0 186,272,245,319,0 88,288,120,321,0
./trainset/000422.jpg 75,217,109,253,0
./trainset/000423.jpg 140,3,185,66,0
./trainset/000424.jpg 306,75,369,146,0 176,89,245,162,0
./trainset/000425.jpg 253,259,273,278,0 281,251,299,271,0 311,254,332,279,0 328,286,357,312,1 309,285,376,332,2 239,256,273,331,2 269,251,308,331,2 307,256,344,323,2
./trainset/000426.jpg 286,103,310,133,0 344,104,374,129,0
./trainset/000427.jpg 100,109,130,148,1 334,97,367,137,1 198,88,225,127,1 47,115,68,140,1 291,113,308,134,1 319,113,341,143,1 368,114,388,138,1 429,100,451,129,1 402,112,421,133,1 462,112,478,132,1 246,101,267,129,1
./trainset/000428.jpg 161,63,204,116,0 29,95,60,125,0
./trainset/000429.jpg 191,289,215,314,0 333,174,346,192,0 372,192,386,206,0
./trainset/000430.jpg 229,117,278,157,0 299,102,337,135,0 255,75,294,112,0
./trainset/000431.jpg 344,154,369,186,0 224,142,247,168,0 189,175,211,193,0 333,160,424,298,2 162,143,271,195,2 173,178,229,286,2
./trainset/000432.jpg 124,109,163,157,0 218,100,259,150,0 75,120,128,180,0 195,51,228,98,0 270,177,329,245,0 407,174,470,228,0 377,114,418,148,0 134,35,160,78,0 225,25,252,62,0 340,18,371,66,0 148,214,228,303,0 303,117,350,173,0
./trainset/000433.jpg 419,86,471,142,0 373,168,418,223,0 514,125,567,169,0
./trainset/000434.jpg 247,127,277,155,0
./trainset/000435.jpg 67,268,132,338,0 440,12,500,81,0
./trainset/000436.jpg 168,39,192,68,0 111,32,144,67,0 369,28,402,70,0
./trainset/000437.jpg 266,124,282,144,0 356,127,376,149,0 328,132,346,152,0 140,133,159,156,1 440,121,456,143,1 212,126,231,147,1
./trainset/000438.jpg 10,404,102,507,0 232,377,280,430,0 318,376,414,484,0 401,349,449,406,0
./trainset/000439.jpg 197,175,215,198,0 307,166,326,194,0 242,165,259,189,0
./trainset/000440.jpg 218,0,330,114,0
./trainset/000441.jpg 118,58,153,106,0 74,38,124,110,1
./trainset/000442.jpg 110,25,175,117,1 337,75,403,162,1 206,59,265,137,1 393,28,457,113,1 337,48,389,99,1 57,49,109,110,1 1,25,60,108,1 307,66,345,133,1 454,24,498,112,1 248,50,280,121,1 158,51,192,129,1
./trainset/000443.jpg 414,147,479,212,0
./trainset/000444.jpg 147,62,206,135,0 239,101,289,160,0 339,115,381,167,0 374,81,432,158,0 426,93,452,130,0
./trainset/000445.jpg 278,54,356,149,0
./trainset/000446.jpg 69,62,134,133,0 256,112,306,168,0
./trainset/000447.jpg 280,332,312,371,0 299,99,329,136,0
./trainset/000448.jpg 389,192,461,270,0 286,202,358,285,0
./trainset/000449.jpg 209,148,235,176,1 132,165,145,180,1 155,156,175,174,1 264,147,282,169,1 317,148,335,170,0 338,153,351,171,1 303,154,317,173,1 292,160,304,176,1
./trainset/000450.jpg 222,148,237,165,0
./trainset/000451.jpg 298,30,345,81,0 383,10,429,68,0
./trainset/000452.jpg 141,60,237,175,0 263,84,366,192,0
./trainset/000453.jpg 182,106,212,134,0 305,113,327,141,0 292,54,312,83,0
./trainset/000454.jpg 222,45,317,131,0
./trainset/000455.jpg 89,1,180,87,0 299,0,406,104,0
./trainset/000456.jpg 76,188,115,239,0 156,189,192,237,0 407,10,500,238,0
./trainset/000457.jpg 1,56,34,124,0 69,1,153,93,0 170,90,206,137,0 201,79,243,131,0 258,50,319,120,0 352,47,443,138,0
./trainset/000458.jpg 396,48,450,123,0 223,63,284,135,0 321,78,382,155,0 166,84,228,157,0 95,47,161,121,0 477,68,539,144,0
./trainset/000459.jpg 337,28,419,120,0 61,125,93,161,0
./trainset/000460.jpg 151,128,187,166,0 318,139,347,172,0 222,135,255,163,0 184,150,218,180,0 257,143,281,165,1
./trainset/000461.jpg 199,57,232,98,0 364,260,399,297,0
./trainset/000462.jpg 153,204,267,347,0 58,121,132,194,0
./trainset/000463.jpg 229,54,279,117,0 266,0,343,75,0 135,56,184,113,0 42,3,145,105,0 12,45,71,120,0
./trainset/000464.jpg 285,201,313,233,0
./trainset/000465.jpg 101,71,187,172,0 325,90,375,150,0
./trainset/000466.jpg 56,43,146,158,0 295,116,338,181,0
./trainset/000467.jpg 255,92,305,141,0 226,29,289,100,0
./trainset/000468.jpg 254,18,369,150,0
./trainset/000469.jpg 269,110,314,151,0
./trainset/000470.jpg 371,74,428,137,0 346,78,394,136,0
./trainset/000471.jpg 196,9,284,101,0 129,113,174,170,0
./trainset/000472.jpg 205,247,235,284,0 79,38,131,82,0
./trainset/000473.jpg 118,127,159,169,1 45,112,94,167,1 172,143,200,181,1 323,141,352,176,1 1,161,31,199,1 230,135,257,171,1 212,158,231,184,1 198,141,211,184,1 355,154,374,181,1
./trainset/000474.jpg 313,43,424,161,0
./trainset/000475.jpg 146,8,213,87,0 68,1,111,42,0 98,15,128,49,0
./trainset/000476.jpg 128,45,196,106,0
./trainset/000477.jpg 286,122,318,160,0 89,115,118,149,0 208,136,233,165,0 135,118,166,153,0 110,113,128,143,0 265,131,289,163,0
./trainset/000478.jpg 116,90,145,121,0
./trainset/000479.jpg 231,107,258,142,0 332,120,364,157,0
./trainset/000480.jpg 280,247,388,337,0
./trainset/000481.jpg 259,218,274,237,0 349,221,364,239,0 130,117,148,137,1 119,166,139,181,1
./trainset/000482.jpg 137,247,153,266,0
./trainset/000483.jpg 231,41,315,122,0
./trainset/000484.jpg 355,50,405,105,0 200,77,238,118,0 93,67,135,122,0
./trainset/000485.jpg 206,158,242,192,0 414,585,444,617,0 457,588,491,620,0 294,133,320,170,0 426,566,456,586,0 342,149,368,173,0 455,567,480,594,0
./trainset/000486.jpg 325,123,390,199,1 116,124,150,172,1 219,104,272,172,1 209,125,233,165,1
./trainset/000487.jpg 40,67,75,114,0 118,35,173,112,0 329,67,374,126,0 402,58,440,117,0 1,65,30,128,0 219,74,265,136,0 262,76,310,136,0 93,51,128,109,0 297,68,320,98,0
./trainset/000488.jpg 53,49,204,228,1
./trainset/000489.jpg 21,127,67,179,0 347,125,381,170,0 69,137,102,178,0 190,139,221,178,0 118,128,152,172,0 452,149,500,214,0 252,133,283,171,0
./trainset/000490.jpg 104,63,158,118,0
./trainset/000491.jpg 127,102,162,144,0 168,57,221,110,0 159,101,188,137,0 215,101,249,138,0 272,80,322,131,0 331,100,367,151,0 405,62,449,153,0 373,78,423,146,0
./trainset/000492.jpg 203,32,313,156,0 58,45,368,348,2
./trainset/000493.jpg 375,62,418,118,0 54,54,96,116,0 187,79,223,125,1 273,72,315,119,1 459,87,490,126,1
./trainset/000494.jpg 84,52,118,97,0 40,23,64,57,0
./trainset/000495.jpg 183,95,197,114,0 255,98,269,115,0 280,96,292,109,0 222,119,237,135,0 170,97,196,183,2 238,100,272,190,2 276,95,302,163,2 194,115,222,157,3 221,119,253,150,2 210,85,229,120,3 372,74,384,106,3
./trainset/000496.jpg 193,39,272,125,0 3,11,83,125,0 365,28,436,102,0 82,51,115,93,0 133,49,188,104,1
./trainset/000497.jpg 327,97,376,146,0
./trainset/000498.jpg 135,58,200,125,0
./trainset/000499.jpg 174,319,244,385,0
./trainset/000500.jpg 278,44,356,139,0
./trainset/000501.jpg 265,56,338,148,0 103,77,169,166,0 349,93,407,165,0
./trainset/000502.jpg 445,40,485,86,0 332,50,362,85,0 206,70,223,91,0 225,67,246,96,0 250,63,268,86,0 263,60,278,82,0 278,59,298,86,0 305,50,327,82,0 402,59,424,87,0 428,65,447,88,0 522,42,537,83,0
./trainset/000503.jpg 125,0,238,83,0 209,4,296,96,0
./trainset/000504.jpg 80,109,122,162,0
./trainset/000505.jpg 170,126,180,138,0 169,175,179,188,0 333,99,347,112,0 161,177,183,236,2 330,99,361,182,2 157,127,190,178,2
./trainset/000506.jpg 200,106,229,132,0
./trainset/000507.jpg 85,173,101,193,0 120,177,137,195,0 360,183,373,198,0 439,184,456,205,0 427,187,439,206,0 243,184,258,199,0
./trainset/000508.jpg 138,170,202,244,0
./trainset/000509.jpg 299,11,428,142,0 146,23,249,168,0 81,32,308,328,2 295,21,485,332,2
./trainset/000510.jpg 275,117,342,197,0 160,229,213,276,0 386,165,462,244,0
./trainset/000511.jpg 175,86,196,117,0 239,102,264,129,0
./trainset/000512.jpg 96,99,148,150,0 340,13,408,92,0
./trainset/000513.jpg 305,113,343,160,0 348,60,408,126,0 249,102,294,161,0 80,76,140,150,0 181,71,238,144,0
./trainset/000514.jpg 136,153,164,180,0 208,153,239,182,0 351,169,382,198,0 403,170,430,197,0
./trainset/000515.jpg 53,0,155,89,0 314,17,398,122,0
./trainset/000516.jpg 276,505,317,558,0 297,15,337,66,0 122,386,174,438,0
./trainset/000517.jpg 322,25,496,234,0 89,59,283,256,0
./trainset/000518.jpg 184,141,205,169,0 263,126,277,142,0
./trainset/000519.jpg 389,118,410,145,0 59,91,81,122,0 119,74,142,97,0 180,72,196,89,0
./trainset/000520.jpg 293,352,444,540,0
./trainset/000521.jpg 52,48,145,136,0 222,101,278,173,0 275,113,314,170,0 333,38,431,154,0 330,134,367,173,0
./trainset/000522.jpg 10,254,108,366,0
./trainset/000523.jpg 74,68,132,147,0 387,59,447,137,0
./trainset/000524.jpg 340,96,393,154,0
./trainset/000525.jpg 152,46,207,118,0 49,27,122,124,0 102,54,149,133,0
./trainset/000526.jpg 110,71,177,157,0 229,73,296,164,0
./trainset/000527.jpg 156,87,187,114,0 223,135,243,156,0 283,119,304,138,0 315,103,339,136,0
./trainset/000528.jpg 29,79,65,118,1 298,92,329,132,1 73,97,101,131,1 356,110,384,139,1 122,100,148,128,1 395,115,420,147,1 163,106,184,132,1 253,99,269,125,1 101,105,120,135,1 243,103,255,128,1 379,100,400,125,1 420,113,446,146,1
./trainset/000529.jpg 129,10,189,79,0
./trainset/000530.jpg 81,137,167,222,0
./trainset/000531.jpg 31,148,65,187,1 274,122,302,158,1 108,120,135,158,1 422,124,450,158,1 75,138,99,170,1 163,136,181,162,1 211,136,240,170,1 133,140,157,167,1 341,128,366,160,1 326,120,346,145,1 462,127,480,155,1
./trainset/000532.jpg 96,67,123,96,0
./trainset/000533.jpg 329,121,395,203,0 287,150,341,228,0 209,177,239,209,0
./trainset/000534.jpg 201,95,235,138,0 125,104,160,155,0 322,90,356,138,0 263,95,292,138,0 232,75,260,115,0 299,131,334,178,1 352,106,385,149,1 157,109,191,155,1 238,112,267,154,1
./trainset/000535.jpg 142,43,297,233,0 290,157,328,193,0
./trainset/000536.jpg 237,127,283,173,0 192,90,229,132,0
./trainset/000537.jpg 303,115,337,157,0 177,118,205,152,0 422,112,456,152,0 230,116,254,153,0 169,122,184,155,0 264,132,275,148,0 291,126,302,143,0
./trainset/000538.jpg 239,64,291,134,0
./trainset/000539.jpg 24,202,34,219,0 151,197,166,217,0 211,210,227,227,0 237,205,254,225,0 102,199,113,215,0 316,202,334,221,1 394,198,414,219,1 449,203,471,225,1 368,191,391,219,1
./trainset/000540.jpg 107,45,182,136,1 244,53,315,148,1 25,103,126,217,1 388,49,449,131,1 1,36,40,130,1
./trainset/000541.jpg 4,77,94,181,0 294,54,392,166,0 149,66,177,102,0 262,70,291,102,0 376,53,400,94,0 187,70,207,98,0 206,74,220,95,0 254,73,269,96,0
./trainset/000542.jpg 65,97,93,121,0 183,86,196,103,0 256,91,270,107,0
./trainset/000543.jpg 93,124,135,173,0 329,97,380,150,0 395,98,444,150,0 301,140,333,178,0 237,142,269,180,0 185,145,216,186,0 162,166,187,197,0 220,166,244,198,0 267,163,296,193,0 473,183,495,206,0
./trainset/000544.jpg 150,30,204,102,0 277,42,324,94,0
./trainset/000545.jpg 103,87,144,140,1 207,103,235,148,1 340,133,365,165,1 44,122,63,149,1 90,121,108,147,1 163,130,184,161,1 238,127,262,162,1 291,141,310,164,1
./trainset/000546.jpg 190,180,223,214,0 470,180,505,214,0 48,179,86,208,0 367,186,400,220,0 432,191,477,231,0 132,200,163,230,0 410,205,428,233,0 400,163,419,185,0 357,171,378,188,0
./trainset/000547.jpg 155,98,228,195,0 251,138,270,158,0 337,138,350,153,0 388,145,400,176,0
./trainset/000548.jpg 41,161,379,499,0
./trainset/000549.jpg 287,3,390,129,0 471,10,583,130,0
./trainset/000550.jpg 0,13,310,359,0 142,11,395,312,0
./trainset/000551.jpg 442,113,473,155,0 351,39,435,147,0 86,95,153,175,0 237,77,299,158,0 334,95,371,159,0 68,158,91,195,0 482,77,500,148,0
./trainset/000552.jpg 97,113,148,166,0 218,108,244,144,0 204,127,221,148,0 158,135,176,150,0 276,116,311,150,0 321,123,344,154,0 380,116,422,164,0 357,137,373,159,0 241,116,258,144,0 266,131,278,149,0
./trainset/000553.jpg 5,80,72,152,1 365,68,396,102,1 108,56,139,94,1 392,69,416,93,1 25,61,72,110,1 87,62,120,101,1 545,106,594,163,1 195,52,214,77,1 255,54,278,82,1 300,58,322,87,1 461,80,503,130,1
./trainset/000554.jpg 143,40,223,121,0 227,82,269,120,0
./trainset/000555.jpg 174,139,215,181,0 89,145,118,180,0 24,138,58,170,1 114,146,136,174,1
./trainset/000556.jpg 129,91,189,153,0
./trainset/000557.jpg 67,59,110,101,0 201,60,234,103,0 184,41,213,72,0
./trainset/000558.jpg 238,78,284,139,0 319,76,367,133,0 153,80,197,142,0
./trainset/000559.jpg 52,72,87,112,0 348,81,366,106,0 178,108,194,125,1 227,115,241,130,1
./trainset/000560.jpg 56,101,117,166,0 346,97,396,159,0 411,120,458,172,0 235,120,268,173,0 157,116,201,164,0 122,104,156,153,0 192,117,216,167,0
./trainset/000561.jpg 369,62,468,170,0
./trainset/000562.jpg 71,110,84,129,1 91,112,107,131,1 107,112,120,130,1 132,110,145,127,1 145,107,162,133,1 164,105,180,129,1 280,104,293,122,1 264,103,279,123,1 216,101,231,121,1
./trainset/000563.jpg 200,49,267,114,0 170,140,233,206,0
./trainset/000564.jpg 220,89,282,148,0
./trainset/000565.jpg 48,16,150,114,0 431,201,494,252,0
./trainset/000566.jpg 199,194,237,226,0 372,107,410,141,0 440,126,470,162,0
./trainset/000567.jpg 90,135,112,156,0 165,107,180,123,0 199,110,213,127,0 264,112,275,126,0
./trainset/000568.jpg 80,178,91,193,0 126,186,140,203,0 219,203,232,217,0 146,14,156,32,0
./trainset/000569.jpg 150,107,187,155,0 297,99,338,149,0 408,108,460,166,0 357,100,394,151,0 204,105,249,162,0 32,104,94,171,0
./trainset/000570.jpg 170,47,252,146,1 54,64,117,144,1 28,96,65,156,1 337,76,371,147,1 353,12,422,127,1
./trainset/000571.jpg 176,76,208,113,0 405,80,436,115,0 356,114,394,160,0 208,170,247,212,0 239,83,270,125,0 462,75,491,111,0
./trainset/000572.jpg 261,71,293,114,0 197,36,240,92,0 96,4,156,74,0 368,115,393,136,0 292,83,321,117,0 351,101,383,138,0 402,128,416,146,0 390,118,404,138,0 413,128,425,144,0
./trainset/000573.jpg 42,90,71,125,1 127,88,152,114,1 243,100,265,126,1 294,100,309,121,1 317,106,327,122,1 258,93,273,112,1
./trainset/000574.jpg 100,156,123,185,0
./trainset/000575.jpg 286,83,329,113,0
./trainset/000576.jpg 248,31,392,189,0
./trainset/000577.jpg 183,105,240,176,0 45,102,123,176,1
./trainset/000578.jpg 286,146,311,176,0
./trainset/000579.jpg 155,7,196,58,0 113,32,147,73,0 55,1,82,36,0 93,1,122,22,0
./trainset/000580.jpg 146,104,177,141,0 356,101,409,156,0 101,101,140,150,0 10,88,56,137,0 406,89,442,145,0 315,115,345,147,0 264,129,289,154,0 179,98,206,140,0 229,139,259,175,0 202,121,221,151,0 241,100,261,129,0
./trainset/000581.jpg 72,1,138,75,0 232,2,309,80,0 175,58,206,86,0
./trainset/000582.jpg 435,169,530,256,0
./trainset/000583.jpg 74,68,180,188,0 222,62,297,159,0
./trainset/000584.jpg 170,137,203,173,1 448,143,496,203,1
./trainset/000585.jpg 239,120,266,157,0 73,130,106,167,0 303,129,331,165,0 158,125,182,159,0 217,139,241,171,0 286,126,307,155,0 62,127,81,159,0
./trainset/000586.jpg 277,29,363,121,0 114,26,192,107,0
./trainset/000587.jpg 91,31,154,108,0 309,67,380,141,0
./trainset/000588.jpg 168,70,225,135,0 399,142,436,186,0
./trainset/000589.jpg 220,87,311,181,0 309,102,375,171,0
./trainset/000590.jpg 272,47,328,113,0 409,82,444,125,0 57,79,97,129,0 36,85,62,119,0 374,75,401,111,0 174,77,224,157,0 466,61,493,116,0 219,79,235,104,0 350,93,372,116,0 341,87,354,103,0 245,77,263,100,1
./trainset/000591.jpg 322,34,396,126,0 208,86,288,170,0
./trainset/000592.jpg 312,92,402,177,0
./trainset/000593.jpg 309,107,342,144,0 140,75,174,117,0
./trainset/000594.jpg 66,319,123,378,0 154,209,196,251,0 165,48,188,77,0 137,125,167,151,0
./trainset/000595.jpg 214,185,230,208,0
./trainset/000596.jpg 217,107,290,174,0 257,140,310,215,0
./trainset/000597.jpg 336,154,501,374,0
./trainset/000598.jpg 379,95,437,153,0 183,76,219,120,0 60,86,107,135,0 276,89,317,132,1
./trainset/000599.jpg 43,50,133,170,0
./trainset/000600.jpg 0,0,214,193,0 311,128,408,243,0
