./trainset/006001.jpg 287,71,346,130,0 195,79,249,134,0
./trainset/006002.jpg 138,51,205,128,0 250,86,308,155,0
./trainset/006003.jpg 53,91,89,135,0 119,99,153,139,0 229,86,268,138,0 290,103,346,160,0 272,76,303,125,0 308,79,347,123,0
./trainset/006004.jpg 352,103,404,158,0 249,58,314,131,0 134,94,174,144,0 417,236,449,278,0 2,61,37,125,0 64,127,108,166,0 166,129,196,165,0 480,101,500,164,0
./trainset/006005.jpg 122,177,179,236,0 298,2,391,117,0
./trainset/006006.jpg 198,52,299,209,0 277,44,343,181,0
./trainset/006007.jpg 224,106,246,128,0 184,118,205,140,0
./trainset/006008.jpg 290,21,370,131,0
./trainset/006009.jpg 220,42,280,107,0
./trainset/006010.jpg 142,23,211,110,0
./trainset/006011.jpg 21,104,44,129,0 451,108,471,136,0 316,266,336,290,0 249,258,266,275,0
./trainset/006012.jpg 91,102,129,141,0 184,209,214,246,1 180,207,243,332,2 67,103,144,329,2
./trainset/006013.jpg 1,65,70,151,0 441,98,499,163,0 356,90,407,145,0 133,79,183,143,0 241,117,289,168,0
./trainset/006014.jpg 164,18,224,98,0 313,54,320,64,0
./trainset/006015.jpg 328,114,410,185,0
./trainset/006016.jpg 313,87,368,155,0
./trainset/006017.jpg 236,65,279,122,0
./trainset/006018.jpg 147,250,167,272,0 212,252,234,272,0 253,251,271,272,0 325,264,343,282,0
./trainset/006019.jpg 222,144,249,177,0 356,137,369,153,0
./trainset/006020.jpg 138,28,184,87,0 185,5,246,59,0
./trainset/006021.jpg 159,79,196,119,0 314,131,351,171,0 381,161,412,193,0 229,98,260,140,0 340,145,370,175,0 97,42,140,91,1 253,113,276,153,0 422,179,451,212,0
./trainset/006022.jpg 285,79,304,103,1 252,72,274,101,0 133,76,150,101,0 147,75,166,100,0 181,74,195,99,0 193,75,211,103,0 223,70,242,94,0 241,82,258,104,1
./trainset/006023.jpg 65,34,126,118,0 249,40,299,109,0 31,71,66,114,0 359,54,410,121,1 453,84,480,131,0
./trainset/006024.jpg 125,165,150,200,0
./trainset/006025.jpg 282,62,328,122,0 174,34,228,98,0 243,64,290,120,1
./trainset/006026.jpg 395,163,421,194,1 79,161,101,192,1 15,136,36,161,1 52,158,73,182,1 44,144,61,164,1 65,135,83,159,1 93,137,112,158,1 119,137,138,161,1 114,165,134,188,1 148,133,167,153,1 144,166,163,189,1 168,169,184,191,1 200,168,221,188,1 231,169,250,193,1 262,169,280,189,1 294,169,314,192,1 332,170,350,191,1 366,171,384,194,1 415,134,433,159,1 446,139,472,167,1 382,130,401,154,1 342,143,364,166,1 181,140,198,161,1 208,147,229,168,1 230,133,249,157,1 248,145,269,166,1 313,154,330,176,1 281,144,299,165,1
./trainset/006027.jpg 386,107,433,166,0 364,139,397,172,0 54,116,95,166,1 197,128,230,166,1
./trainset/006028.jpg 309,223,390,324,0
./trainset/006029.jpg 100,71,193,185,0
./trainset/006030.jpg 176,107,216,151,0 257,75,305,135,0
./trainset/006031.jpg 134,33,192,94,0 382,66,443,128,0 271,71,328,142,0 189,58,239,127,0
./trainset/006032.jpg 45,55,106,120,0 372,85,424,146,0 145,113,179,146,0
./trainset/006033.jpg 199,15,243,63,0
./trainset/006034.jpg 175,253,442,568,0
./trainset/006035.jpg 307,101,350,159,0
./trainset/006036.jpg 323,262,426,367,0
./trainset/006037.jpg 286,77,328,119,1 254,53,287,90,1 80,61,132,115,1 121,58,160,108,1 157,68,190,113,1 184,74,208,111,1 222,86,249,123,1
./trainset/006038.jpg 14,135,62,191,0 96,124,188,228,0 183,138,226,196,0 222,141,258,192,0 253,146,279,186,0 293,155,326,200,0 324,169,345,201,0 344,155,375,195,0 383,180,399,200,0 396,176,429,220,0 412,119,482,201,0 473,128,500,240,0
./trainset/006039.jpg 139,57,299,277,0
./trainset/006040.jpg 203,140,250,192,0 142,161,184,203,1 124,44,145,69,1 64,50,85,72,1 230,41,252,66,1 268,46,287,69,1 369,59,406,100,1 311,37,338,68,1
./trainset/006041.jpg 238,223,256,247,0 257,238,278,260,0
./trainset/006042.jpg 162,132,203,177,1 318,113,368,175,1 241,131,275,176,1 62,118,116,179,1 285,115,316,159,1 209,112,245,155,1 93,126,129,176,1 183,152,232,205,1 305,132,336,179,1
./trainset/006043.jpg 320,186,361,239,0
./trainset/006044.jpg 196,76,247,139,0 243,104,320,188,0 1,14,33,63,0 361,66,395,139,0 46,118,111,194,1 122,86,172,133,1 107,23,140,61,1 307,119,347,163,0
./trainset/006045.jpg 70,133,135,205,0 93,321,118,345,0
./trainset/006046.jpg 29,201,51,225,0 109,264,123,282,0 177,262,195,281,0 290,229,301,245,0 310,222,319,238,0
./trainset/006047.jpg 166,80,239,154,0 75,115,116,160,0 244,64,308,139,0 296,47,397,146,1
./trainset/006048.jpg 177,126,206,161,0 287,127,309,158,0 244,119,265,153,0 216,130,239,161,0
./trainset/006049.jpg 262,93,295,127,0 404,88,429,122,0 223,156,249,182,0 19,163,34,178,1
./trainset/006050.jpg 146,33,182,92,0 40,81,59,109,0 210,55,234,96,1 261,76,283,105,1 86,79,104,105,0 59,95,72,114,0
./trainset/006051.jpg 373,76,416,127,0 79,83,117,131,0 46,91,79,135,0 174,99,214,140,0 235,88,275,139,0 257,103,288,142,0 11,127,29,153,0 137,127,154,150,0 152,130,169,155,0 217,123,237,147,0
./trainset/006052.jpg 332,134,442,226,0 130,103,226,212,0 97,157,164,225,0
./trainset/006053.jpg 337,95,369,134,0 434,111,462,144,0 220,110,245,146,0 155,113,183,149,0 95,110,124,142,0 66,132,88,156,0 478,90,500,140,0
./trainset/006054.jpg 131,29,166,74,1 216,23,252,69,1 51,40,88,83,1 314,34,351,79,1 470,13,509,66,1
./trainset/006055.jpg 71,0,117,65,0
./trainset/006056.jpg 90,133,118,168,1 244,133,269,165,1 317,128,343,157,1 385,134,410,163,1 180,141,207,172,1 127,144,150,168,1 158,151,179,179,1 436,156,448,174,1 419,162,430,179,1 74,152,94,175,1 482,160,495,177,1
./trainset/006057.jpg 78,87,98,110,0 125,79,142,102,0 216,88,251,123,0 352,164,370,184,0 14,97,29,117,0 28,100,40,118,0 27,1,38,12,0
./trainset/006058.jpg 152,120,175,154,0 338,131,356,166,0 85,121,107,153,0 199,127,228,159,0 244,128,263,160,0 260,134,274,162,0 285,142,309,170,0 314,143,326,162,0
./trainset/006059.jpg 264,150,316,212,0 181,49,237,103,0 175,135,249,209,0 359,24,408,101,0
./trainset/006060.jpg 345,119,394,176,0 245,130,291,196,0 396,114,428,150,0 37,25,60,49,0 107,49,127,73,0 212,42,233,64,0 153,44,170,64,1 115,139,159,189,1
./trainset/006061.jpg 173,84,209,130,1 284,104,318,145,1 237,98,262,133,1 443,116,470,145,1 38,88,60,116,1 148,89,170,122,1 203,91,225,118,1 275,89,298,113,1 349,109,376,140,1 420,97,439,124,1
./trainset/006062.jpg 14,47,53,92,1 89,74,143,135,1 187,46,220,81,1 282,52,332,111,1 464,41,497,80,1 246,39,271,67,1 145,24,169,53,1
./trainset/006063.jpg 367,116,402,154,0 165,102,196,139,0 194,118,211,144,1
./trainset/006064.jpg 232,209,247,225,0 334,214,351,232,0 393,210,416,233,0
./trainset/006065.jpg 268,41,314,98,0 185,63,209,97,0 120,52,147,91,0 101,61,121,93,0 227,46,258,90,0 153,56,185,99,0 262,52,278,85,0
./trainset/006066.jpg 187,170,223,234,0
./trainset/006067.jpg 36,16,178,168,0
./trainset/006068.jpg 116,1,201,88,0 234,1,375,166,0
./trainset/006069.jpg 50,71,133,126,0 165,215,177,229,0 317,153,349,188,0 189,201,197,214,0 223,208,235,220,0 238,211,250,222,0
./trainset/006070.jpg 166,15,222,94,0 197,45,263,136,0
./trainset/006071.jpg 78,27,184,129,0
./trainset/006072.jpg 212,45,265,106,0
./trainset/006073.jpg 38,72,59,98,0 72,68,104,106,0 59,94,78,120,0 96,99,116,120,0 116,81,143,112,0 141,77,159,107,0 176,64,200,99,0 244,80,262,109,0 259,75,279,108,0 277,75,297,106,0 318,86,339,116,0 369,84,397,118,0
./trainset/006074.jpg 231,108,259,143,0 333,120,364,156,0
./trainset/006075.jpg 333,94,360,128,0 1,88,25,122,0 378,88,399,120,0 103,96,129,130,0 128,97,141,124,0 22,104,39,132,0 45,107,63,131,0 168,101,185,120,1 231,103,247,124,0 259,95,275,117,0 298,96,315,116,0 356,95,370,123,0
./trainset/006076.jpg 48,122,75,156,0 161,141,177,160,0 262,123,278,145,0 444,134,462,158,0 417,140,438,164,0 231,143,246,161,0
./trainset/006077.jpg 1,121,34,163,0 210,145,232,175,0 418,148,445,180,0 92,145,120,177,0 155,145,181,173,0 121,133,148,165,0 35,132,63,168,0
./trainset/006078.jpg 209,81,356,269,0
./trainset/006079.jpg 59,64,80,94,1 24,62,45,92,1 347,66,368,96,1 271,69,292,96,1 215,73,231,98,1 332,81,349,103,1 89,81,107,100,1 138,61,157,85,1 163,74,179,96,1 193,72,209,92,1 258,74,275,94,1 301,80,320,100,1 6,63,25,89,1
./trainset/006080.jpg 277,61,296,82,0
./trainset/006081.jpg 328,49,378,110,0 221,100,257,137,0
./trainset/006082.jpg 211,111,236,148,0 233,109,251,139,0 257,122,276,147,0 300,100,322,119,0
./trainset/006083.jpg 46,76,94,125,0 187,82,228,132,0 236,89,278,142,0 291,86,332,129,0 124,78,163,128,0
./trainset/006084.jpg 332,73,393,137,0 124,90,175,147,0
./trainset/006085.jpg 53,75,93,125,0 314,37,357,80,0 262,31,318,110,0 173,68,194,96,0 390,77,410,99,0
./trainset/006086.jpg 111,68,141,110,0 43,45,75,90,0 381,64,422,105,0 243,67,271,103,0 1,30,48,89,0 192,75,218,107,0 160,82,183,111,0 217,110,232,128,0
./trainset/006087.jpg 69,0,198,136,0
./trainset/006088.jpg 214,20,329,137,0 124,24,201,127,1
./trainset/006089.jpg 119,77,202,162,0 210,105,260,175,0
./trainset/006090.jpg 131,45,167,81,0 53,129,76,155,0 95,134,117,157,0
./trainset/006091.jpg 383,196,453,274,1 129,183,194,257,1 1,204,60,282,1 98,155,121,180,1 173,144,196,174,1 242,145,270,179,1 328,145,356,173,1 417,142,442,175,1
./trainset/006092.jpg 252,65,271,91,0 429,41,453,65,0 47,197,68,218,0 93,35,115,56,0 439,183,456,209,0
./trainset/006093.jpg 148,123,244,251,0
./trainset/006094.jpg 24,90,107,185,0
./trainset/006095.jpg 185,271,208,293,0
./trainset/006096.jpg 17,92,60,136,0 460,94,492,130,0 119,88,148,118,0 273,86,297,113,0 340,89,367,122,0 391,85,425,120,0
./trainset/006097.jpg 333,195,367,232,0
./trainset/006098.jpg 218,77,283,176,0 290,107,390,224,0 62,55,83,80,1 434,107,448,128,1
./trainset/006099.jpg 72,110,114,171,0 142,67,190,131,0 298,66,365,138,0 261,29,313,95,0
./trainset/006100.jpg 242,99,320,175,0 7,126,64,202,0 146,173,182,224,0 209,144,249,205,0 389,164,444,232,0 421,136,469,196,0 179,172,225,232,0 456,163,483,208,0 345,151,397,223,0 476,166,498,215,0
./trainset/006101.jpg 219,87,265,130,0 45,52,116,128,0
./trainset/006102.jpg 62,70,125,124,0 339,167,412,236,0 10,71,186,336,2 287,174,444,337,2
./trainset/006103.jpg 91,220,133,264,0 399,213,459,279,0 1,232,48,275,0 290,219,323,254,0 197,220,225,251,0 68,248,89,273,0 205,19,226,41,0
./trainset/006104.jpg 231,87,304,183,0 334,103,407,193,0 194,139,207,152,0
./trainset/006105.jpg 395,6,497,162,0 88,118,208,243,0
./trainset/006106.jpg 220,116,267,166,0 61,179,80,204,0
./trainset/006107.jpg 406,41,459,104,0 18,37,70,97,0 162,85,193,126,0 217,62,262,117,0
./trainset/006108.jpg 363,38,432,110,0
./trainset/006109.jpg 39,45,162,185,0 323,56,432,173,0 240,130,294,175,0
./trainset/006110.jpg 288,110,344,174,0 20,102,76,177,0 169,118,217,181,0 103,103,166,183,0 371,104,393,169,0 249,117,288,166,1 69,107,98,158,1 1,88,22,178,1
./trainset/006111.jpg 188,98,229,148,1 275,98,316,149,1 111,115,148,156,1 351,53,413,128,1 71,136,100,162,1
./trainset/006112.jpg 147,105,267,242,0
./trainset/006113.jpg 329,157,374,208,0 19,183,62,232,0 56,168,112,225,0
./trainset/006114.jpg 82,56,120,94,0 277,97,299,115,0
./trainset/006115.jpg 341,110,384,156,0 41,77,93,130,0 274,86,300,120,0 225,83,255,120,0
./trainset/006116.jpg 227,10,286,72,0 0,139,57,194,0
./trainset/006117.jpg 437,86,496,136,0 246,103,275,132,0 330,105,351,128,0 295,119,314,137,0
./trainset/006118.jpg 184,9,248,94,0
./trainset/006119.jpg 88,93,130,135,0 422,96,459,138,0 375,125,419,160,1
./trainset/006120.jpg 79,45,195,175,0
./trainset/006121.jpg 400,114,442,154,0 135,104,171,148,0 47,130,92,183,0 461,118,497,165,0 166,109,191,147,0 223,116,258,158,1 272,117,308,160,1
./trainset/006122.jpg 110,76,182,163,0 214,31,268,99,0
./trainset/006123.jpg 167,61,244,164,0
./trainset/006124.jpg 140,299,243,422,0 342,294,445,423,0
./trainset/006125.jpg 31,0,171,166,0
./trainset/006126.jpg 114,104,146,141,0
./trainset/006127.jpg 57,105,85,137,1 155,110,182,143,1 103,116,130,147,1 238,102,265,137,1 214,114,253,149,1 198,103,224,135,1 288,101,311,127,1 93,104,113,130,1
./trainset/006128.jpg 70,115,434,544,0
./trainset/006129.jpg 395,33,455,85,0
./trainset/006130.jpg 115,110,142,142,0 332,115,367,154,0 154,124,178,156,0 363,121,390,151,0 184,128,198,152,0
./trainset/006131.jpg 392,54,429,96,0 300,129,326,159,0
./trainset/006132.jpg 444,83,496,135,0 91,85,132,123,0 363,63,420,117,0 170,84,198,117,0 56,98,88,130,0 311,95,344,129,0 331,72,361,109,0
./trainset/006133.jpg 109,211,147,253,0 198,192,229,230,0
./trainset/006134.jpg 128,70,225,182,0 241,0,300,65,0
./trainset/006135.jpg 242,142,271,167,0 58,15,76,34,0
./trainset/006136.jpg 346,0,438,88,0 175,16,271,113,0
./trainset/006137.jpg 61,77,129,143,0 189,30,214,76,0
./trainset/006138.jpg 315,158,356,208,1 141,160,172,199,1 376,156,406,190,1 237,160,267,194,1 54,177,76,205,1 189,174,209,200,1 270,176,283,194,1
./trainset/006139.jpg 1,113,25,153,0 69,56,144,146,0 137,98,176,145,0 191,54,254,133,0 305,111,337,159,0 387,68,443,143,0 368,121,380,139,0 332,124,346,145,0
./trainset/006140.jpg 303,73,367,129,0
./trainset/006141.jpg 102,111,136,163,0 156,121,196,167,0 239,110,289,175,0 54,103,107,165,0 28,51,85,122,0 191,118,221,161,0
./trainset/006142.jpg 47,23,151,118,0 315,125,372,172,0
./trainset/006143.jpg 334,38,374,88,1 286,83,320,122,1 378,25,415,77,1
./trainset/006144.jpg 73,1,109,36,0 122,66,150,93,0 155,63,176,89,0 185,135,209,159,0 358,159,377,177,0 452,144,478,170,0 416,53,430,68,0 337,149,349,164,0 438,81,453,97,0 377,122,392,140,0
./trainset/006145.jpg 158,427,212,483,0 414,468,471,508,0 116,591,161,654,0 317,455,352,495,0 347,517,421,571,0
./trainset/006146.jpg 262,613,424,809,0
./trainset/006147.jpg 197,20,215,40,0
./trainset/006148.jpg 22,73,66,118,1 221,62,281,137,1 377,85,419,136,1 312,70,363,129,1 75,63,143,142,1 461,77,498,118,1
./trainset/006149.jpg 141,201,175,225,0 181,77,207,103,0 398,47,414,64,0
./trainset/006150.jpg 331,67,380,115,0 55,59,93,104,0 214,37,270,104,0 94,27,146,98,0 183,57,219,105,0
./trainset/006151.jpg 434,156,465,189,0 52,228,72,250,0 86,218,104,238,0 308,206,321,220,0 203,85,217,99,0
./trainset/006152.jpg 97,90,181,187,0 301,91,358,145,0 180,54,247,133,0 356,126,419,183,1
./trainset/006153.jpg 379,57,432,122,0
./trainset/006154.jpg 259,114,296,156,0
./trainset/006155.jpg 279,151,299,175,0
./trainset/006156.jpg 359,42,488,228,0
./trainset/006157.jpg 28,139,104,202,0 105,159,149,202,0 153,163,187,197,0 437,230,468,264,0
./trainset/006158.jpg 46,73,64,94,1 113,71,133,91,1 78,73,95,92,1
./trainset/006159.jpg 315,2,497,157,0
./trainset/006160.jpg 86,15,181,108,0 335,97,350,114,0 246,101,258,116,0 304,98,318,110,0 279,109,293,122,0 295,102,307,117,0
./trainset/006161.jpg 103,47,199,149,0
./trainset/006162.jpg 275,37,318,94,0 166,32,219,94,0 388,52,430,113,0 339,50,392,116,0
./trainset/006163.jpg 239,178,256,204,0 268,174,296,203,0 38,194,59,221,0 108,179,132,210,0 165,180,184,204,0 180,173,204,207,0 229,179,241,202,0 335,184,356,207,0
./trainset/006164.jpg 227,6,310,103,0
./trainset/006165.jpg 250,144,264,165,0 270,145,288,164,0
./trainset/006166.jpg 143,100,258,227,0 265,0,454,155,0
./trainset/006167.jpg 175,1,358,149,0 134,198,217,282,0
./trainset/006168.jpg 365,32,421,130,0 298,76,339,141,0
./trainset/006169.jpg 108,43,120,56,0 129,19,142,37,0
./trainset/006170.jpg 394,143,469,214,0 272,162,303,197,0 329,204,374,249,0 243,146,272,184,0 53,146,74,173,0 67,151,84,175,0 72,136,92,156,0 205,146,232,169,0 346,117,364,140,0 361,124,378,145,0 326,112,344,133,0 288,127,306,143,0 179,139,195,156,0 93,137,109,155,0 204,119,217,132,1 433,131,455,158,1
./trainset/006171.jpg 32,38,126,139,1 301,76,371,165,1 172,110,223,174,1 106,140,140,184,1 393,178,413,202,1 237,176,263,207,1
./trainset/006172.jpg 77,237,101,274,0 34,231,56,260,0 228,140,254,177,0 132,217,150,242,0 162,187,191,221,0 267,142,296,179,0 288,121,324,162,0 322,100,361,147,0 359,89,391,131,0 415,53,455,99,0 212,163,233,192,0 97,217,112,235,0
./trainset/006173.jpg 339,136,379,183,1 179,151,224,196,1 125,91,185,160,1 410,104,457,160,1 258,115,302,173,1
./trainset/006174.jpg 31,2,121,95,0 128,53,215,141,0 306,18,408,112,0
./trainset/006175.jpg 292,71,355,153,0
./trainset/006176.jpg 149,388,180,422,0
./trainset/006177.jpg 380,104,466,200,0
./trainset/006178.jpg 435,200,464,232,0 386,187,414,220,0
./trainset/006179.jpg 392,124,426,154,0 82,48,112,85,0 33,99,60,127,0 84,84,114,115,0 172,77,188,100,0 272,155,294,179,0 322,138,338,163,0 351,102,380,128,0 116,20,136,44,1 76,16,95,36,1
./trainset/006180.jpg 200,29,246,78,0 311,138,350,175,0 34,93,68,129,1 121,49,156,90,1 1,89,16,128,1
./trainset/006181.jpg 310,66,348,109,1 206,86,237,125,1 396,75,433,121,1 57,96,90,134,1 150,88,176,123,1 254,113,286,148,1 34,104,52,129,1 92,92,112,120,1 199,104,217,130,1
./trainset/006182.jpg 289,266,304,288,0
./trainset/006183.jpg 72,94,99,129,1 292,97,316,128,1 154,95,178,123,1 189,99,211,125,1 349,99,368,128,0
./trainset/006184.jpg 187,98,217,127,0
./trainset/006185.jpg 256,122,284,158,0 327,98,357,131,0 378,156,413,189,0 229,121,292,250,2 347,154,415,300,2 290,98,369,226,2
./trainset/006186.jpg 438,6,543,118,0
./trainset/006187.jpg 225,128,241,146,0 327,162,342,181,0 128,98,142,115,0 173,95,187,114,0 204,110,217,123,0 272,125,288,141,0 259,131,273,144,0 303,155,318,170,0 301,140,315,154,0 249,142,264,158,0
./trainset/006188.jpg 302,74,323,101,1 366,72,391,105,1 341,117,352,131,1 219,86,237,111,1 153,82,175,108,1 115,84,134,106,1 62,87,84,109,1
./trainset/006189.jpg 340,65,394,137,0 246,35,361,152,0 176,77,258,149,0
./trainset/006190.jpg 252,157,286,191,0 105,6,120,24,1 186,58,195,72,1
./trainset/006191.jpg 234,10,311,100,0 227,215,309,285,1
./trainset/006192.jpg 311,43,386,124,0 264,78,332,152,0
./trainset/006193.jpg 227,121,249,144,0 313,120,335,146,0 351,119,368,138,0 280,151,296,166,0 333,143,354,160,0
./trainset/006194.jpg 276,77,337,155,0 409,55,462,130,0 51,50,99,120,0 128,57,184,140,0 204,90,231,132,0 452,92,479,132,0 188,92,208,131,1 243,102,264,133,0 308,63,353,129,0 373,107,391,134,0
./trainset/006195.jpg 342,30,452,145,0
./trainset/006196.jpg 94,4,168,89,0 302,105,380,195,0
./trainset/006197.jpg 337,118,380,169,0 94,27,153,112,0 258,186,288,224,0 157,132,202,181,0
./trainset/006198.jpg 337,23,584,301,0
./trainset/006199.jpg 260,97,289,125,0 186,118,210,144,0
./trainset/006200.jpg 90,291,178,386,0 374,400,427,463,0 335,17,374,55,0 20,361,56,404,0 263,11,301,50,0
./trainset/006201.jpg 308,60,342,104,0 252,48,286,96,0
./trainset/006202.jpg 215,14,277,87,0 53,112,103,160,0
./trainset/006203.jpg 354,64,419,151,0
./trainset/006204.jpg 421,160,441,184,0
./trainset/006205.jpg 199,6,268,78,0 182,1,248,25,0
./trainset/006206.jpg 326,56,374,104,0 104,115,151,169,0 184,67,213,107,0 263,112,299,154,0 309,91,368,150,0 155,130,193,165,0 221,70,237,91,0
./trainset/006207.jpg 82,39,108,68,0 147,55,189,98,0
./trainset/006208.jpg 220,0,413,215,0
./trainset/006209.jpg 337,161,369,201,0 165,74,202,118,0 402,191,430,221,0
./trainset/006210.jpg 214,66,252,117,0 263,80,296,121,0
./trainset/006211.jpg 26,215,69,257,0 112,194,146,244,0 172,173,226,242,0 271,204,316,260,0 300,192,336,236,0 347,196,388,241,0
./trainset/006212.jpg 36,54,69,93,1 210,48,245,91,1 292,64,326,103,1 340,74,373,114,1 402,80,440,124,1
./trainset/006213.jpg 159,32,262,173,0
./trainset/006214.jpg 242,100,285,160,0 288,97,357,170,0 48,65,127,157,0 406,68,499,185,0 110,76,163,156,0
./trainset/006215.jpg 1,192,20,217,0 132,142,146,161,0 91,206,114,222,0 286,105,308,135,0 245,106,276,139,0 367,96,390,125,0 46,173,62,190,0
./trainset/006216.jpg 140,21,206,96,0 12,146,61,196,0 303,98,333,129,0 426,114,456,149,0 354,65,380,94,0 483,108,499,131,0
./trainset/006217.jpg 238,100,287,162,0 287,138,348,209,0
./trainset/006218.jpg 190,83,237,147,1
./trainset/006219.jpg 213,97,253,143,0 191,111,221,148,0
./trainset/006220.jpg 270,99,308,148,0 29,3,87,68,0 354,87,383,124,0
./trainset/006221.jpg 386,4,482,95,0 291,11,350,81,0 50,144,109,201,1 149,121,212,170,1
./trainset/006222.jpg 91,94,122,133,0 1,102,23,161,0 20,101,49,140,0 150,102,179,140,0 176,112,195,135,0 202,46,274,136,0 322,97,356,143,0 380,69,406,145,0
./trainset/006223.jpg 290,112,334,162,0
./trainset/006224.jpg 253,109,274,139,0 337,105,363,132,0 163,117,189,144,0 309,126,331,154,0 295,128,312,148,1 216,112,233,140,0 204,121,221,144,0 184,125,201,149,0 155,115,170,143,0 134,119,155,145,0
./trainset/006225.jpg 387,80,444,148,0
./trainset/006226.jpg 195,1,273,89,0
./trainset/006227.jpg 158,38,226,124,0
./trainset/006228.jpg 106,100,121,120,0 164,90,183,109,0 130,78,150,98,0 215,15,235,34,1
./trainset/006229.jpg 207,80,243,124,0 304,50,357,115,0
./trainset/006230.jpg 141,29,217,125,0 215,39,263,113,0
./trainset/006231.jpg 221,60,264,93,0
./trainset/006232.jpg 177,159,376,404,0
./trainset/006233.jpg 257,193,297,233,0
./trainset/006234.jpg 118,44,284,266,0
./trainset/006235.jpg 42,65,136,169,0 193,33,302,175,0
./trainset/006236.jpg 86,54,132,98,0 395,108,410,124,0 28,57,179,300,2 383,109,424,193,2
./trainset/006237.jpg 318,113,349,149,0
./trainset/006238.jpg 126,56,291,259,0
./trainset/006239.jpg 108,39,336,347,0
./trainset/006240.jpg 234,299,288,383,0
./trainset/006241.jpg 141,191,163,216,0
./trainset/006242.jpg 154,148,180,179,0 254,104,271,125,0 99,106,116,122,0
./trainset/006243.jpg 305,52,399,153,0
./trainset/006244.jpg 261,272,357,388,0 144,252,253,364,0
./trainset/006245.jpg 194,26,274,136,0
./trainset/006246.jpg 337,41,380,93,0 251,169,294,205,0 76,156,122,205,0
./trainset/006247.jpg 150,164,203,216,0 9,134,70,194,0
./trainset/006248.jpg 315,84,342,123,1 407,96,436,131,1 192,99,214,132,1 153,95,173,123,1 32,88,56,111,1 53,95,72,120,1 72,91,91,113,1 137,96,153,117,1 123,95,138,113,1 256,93,275,119,1 352,94,372,121,1 437,95,456,120,1
./trainset/006249.jpg 260,69,316,135,0
./trainset/006250.jpg 345,18,406,109,0 267,62,318,131,0 1,61,74,173,1 402,73,435,111,1 326,52,356,109,1 78,58,108,104,1 162,47,217,120,1 121,63,167,123,1 210,73,234,118,1 416,1,499,189,0
./trainset/006251.jpg 235,40,415,185,0
./trainset/006252.jpg 188,11,206,42,0
./trainset/006253.jpg 362,122,396,153,0 243,154,270,194,0 320,139,349,172,0 280,157,308,190,0 384,58,408,86,0 223,157,244,180,0 258,137,287,160,0 284,141,305,158,0
./trainset/006254.jpg 152,110,191,146,0 320,87,358,140,1
./trainset/006255.jpg 113,122,139,155,0 78,117,103,149,0 366,116,384,141,0 35,128,55,158,0 242,119,259,137,0 310,122,334,144,0 271,116,296,144,0 172,120,196,147,1 155,129,170,152,1
./trainset/006256.jpg 109,64,144,110,0 364,115,407,160,0 289,31,337,89,0
./trainset/006257.jpg 295,123,372,189,0
./trainset/006258.jpg 168,74,232,155,0 287,69,318,107,0 428,62,480,136,0 412,55,442,94,0 43,68,75,108,1 344,88,383,140,1 1,74,24,110,1 81,74,108,105,1 115,74,136,95,1 147,67,171,96,1 250,59,273,92,1 269,73,287,95,1
./trainset/006259.jpg 345,251,476,387,0 69,226,200,367,0 239,262,498,595,2 1,236,214,553,2
./trainset/006260.jpg 34,71,112,166,0 107,98,142,153,0 214,113,256,167,0 356,79,409,139,0 6,113,40,154,0 256,128,285,164,0 339,122,366,163,0 409,56,450,177,0
./trainset/006261.jpg 222,114,249,153,0 293,123,316,152,1 172,125,191,153,1 383,132,405,158,0 133,124,156,154,1
./trainset/006262.jpg 233,114,286,166,0 122,161,173,209,0
./trainset/006263.jpg 263,80,302,133,0 321,121,365,167,0 370,104,422,166,0 161,94,215,156,0 44,160,64,180,0
./trainset/006264.jpg 337,4,500,233,0 111,81,311,333,0
./trainset/006265.jpg 171,132,209,177,0 233,126,259,161,0
./trainset/006266.jpg 34,154,78,204,0 314,72,374,135,0 358,15,407,69,0
./trainset/006267.jpg 143,123,166,145,0 182,127,201,150,0 237,131,257,153,0 341,74,356,94,0
./trainset/006268.jpg 168,148,200,184,1 78,176,139,239,1 119,154,156,203,1 363,147,401,187,1 417,152,450,208,1 208,137,229,168,1 32,139,61,170,1 56,204,129,281,1 334,136,364,169,1 306,133,323,153,1 226,144,243,165,1 242,140,261,163,1 91,139,112,160,1 130,132,146,152,1
./trainset/006269.jpg 226,33,371,174,0
./trainset/006270.jpg 361,129,405,178,0 325,132,363,179,0 114,151,149,190,0 250,132,285,177,0 185,148,208,185,0 159,150,180,182,0 436,138,467,173,0 15,152,46,186,0 54,155,75,182,1 232,146,253,181,0 313,149,335,183,0
./trainset/006271.jpg 56,37,94,78,1 151,78,174,107,1 139,83,155,104,1 119,95,134,115,1 177,88,193,107,1 206,80,227,109,1 232,63,259,98,1 264,83,282,103,1 282,91,294,108,1 293,91,309,109,1 312,91,322,107,1 327,86,341,106,1 345,70,368,107,1 361,50,398,93,1 407,84,420,101,1 420,87,434,109,1 435,85,448,107,1 459,70,488,109,1 451,82,463,105,1
./trainset/006272.jpg 72,101,106,139,0 407,202,426,225,0 296,35,315,56,0
./trainset/006273.jpg 479,119,500,163,0 131,128,175,178,1 96,118,132,163,1 35,126,77,175,1 402,110,447,166,1 300,117,331,154,1 184,132,217,166,1 369,114,404,157,1 232,129,260,158,1 9,135,44,171,1 296,132,313,157,1
./trainset/006274.jpg 216,240,307,330,0
./trainset/006275.jpg 399,139,439,178,0 28,167,45,183,0
./trainset/006276.jpg 256,122,274,140,0 234,87,251,106,0 243,97,260,114,0
./trainset/006277.jpg 139,140,169,173,0 100,139,122,166,0
./trainset/006278.jpg 178,58,228,120,0
./trainset/006279.jpg 484,93,500,128,1 463,110,491,145,1 423,104,453,141,1 389,108,413,135,1 345,110,366,139,1 320,129,337,151,1 260,109,286,143,1 240,125,262,149,1 210,125,236,153,1
./trainset/006280.jpg 288,42,338,98,0
./trainset/006281.jpg 133,169,168,207,0
./trainset/006282.jpg 1,91,45,190,0 170,119,214,177,0 325,50,411,160,0 310,128,364,197,0
./trainset/006283.jpg 255,209,279,236,0 326,205,349,227,0 213,70,234,94,0
./trainset/006284.jpg 357,104,420,170,0 316,98,351,139,0 258,110,294,144,0 149,116,176,148,0 226,96,255,127,0 86,93,102,117,0
./trainset/006285.jpg 73,185,153,284,0
./trainset/006286.jpg 344,187,374,211,0 198,179,220,210,0 246,182,274,210,0 312,191,334,217,0
./trainset/006287.jpg 334,279,380,329,0 117,149,143,181,0 279,143,305,168,0 423,127,447,156,0 344,144,366,168,0 5,137,31,165,0 180,135,210,165,1 407,152,423,172,0 366,148,386,169,1
./trainset/006288.jpg 66,2,86,21,0 64,83,98,115,0 327,85,354,119,0 298,147,336,191,0
./trainset/006289.jpg 37,61,71,100,1 16,74,38,101,1 66,76,86,105,1 91,89,111,108,0 125,48,170,98,1 468,69,490,99,0 324,66,347,99,0 291,64,316,95,0 181,45,213,86,1 237,65,265,95,1 265,78,284,101,1 440,73,462,101,1 369,64,405,98,1
./trainset/006290.jpg 125,0,222,89,0
./trainset/006291.jpg 28,152,103,232,0
./trainset/006292.jpg 252,37,317,125,0 84,8,161,99,0
./trainset/006293.jpg 286,88,323,128,0 76,101,102,131,0 181,90,209,123,0 123,88,151,123,0 227,94,253,125,1
./trainset/006294.jpg 142,101,179,145,1 18,100,99,190,1 402,79,459,143,1 274,105,299,137,1 2,91,33,143,1 195,112,215,137,1
./trainset/006295.jpg 189,153,232,206,1 62,131,109,192,1 363,133,412,193,1
./trainset/006296.jpg 27,165,38,177,0 55,171,68,182,0 79,178,94,190,0 131,182,145,197,0 203,182,221,199,0 282,189,300,206,0 344,186,363,205,0 429,186,448,209,0 399,181,415,197,0 417,187,434,207,0
./trainset/006297.jpg 42,55,136,158,0 285,15,386,128,0
./trainset/006298.jpg 39,129,63,155,0 50,129,72,151,0
./trainset/006299.jpg 18,0,271,244,0 213,59,372,255,0
./trainset/006300.jpg 377,156,403,195,0 318,135,362,191,1 446,110,499,191,1 426,145,457,190,1
./trainset/006301.jpg 80,97,247,266,0
./trainset/006302.jpg 69,110,117,162,0 380,126,422,172,0 146,115,199,175,0 301,131,326,166,0 124,139,150,170,0 446,151,470,182,0 225,135,255,171,0 413,143,434,173,0
./trainset/006303.jpg 82,93,115,134,0 421,104,449,140,0 177,105,204,144,0 381,108,408,144,0 76,22,102,61,0 144,102,172,133,0 122,45,146,71,0 213,101,236,133,0 231,107,258,142,0 259,105,279,141,0 270,110,301,147,0 321,112,345,143,0 352,112,378,146,0 298,105,321,134,0
./trainset/006304.jpg 149,203,178,234,0
./trainset/006305.jpg 38,96,68,140,1 336,93,373,135,1 125,100,153,138,1 396,94,439,139,1 281,117,311,148,1 201,106,229,144,1 245,110,273,140,1 170,104,196,133,1 321,119,342,147,1
./trainset/006306.jpg 230,70,268,124,1 186,80,228,128,1 166,72,203,121,1 111,82,160,140,1 372,51,406,97,1 336,53,372,103,1 304,55,335,94,1 273,70,316,124,1
./trainset/006307.jpg 310,68,357,110,0 266,103,286,124,0
./trainset/006308.jpg 208,165,296,254,0
./trainset/006309.jpg 186,52,218,94,0 300,23,397,241,0 168,67,189,99,0 95,51,118,82,0
./trainset/006310.jpg 195,98,228,134,0 251,102,285,141,0 113,103,141,135,0 57,111,82,140,0 404,91,429,118,0 363,97,391,124,0 84,111,108,141,0 180,107,197,126,0 76,95,94,119,0
./trainset/006311.jpg 390,114,447,172,0 26,125,68,173,0 245,128,278,170,0 121,126,167,184,0 152,114,184,163,0 316,115,348,158,0
./trainset/006312.jpg 106,96,141,137,0 153,111,178,141,0 278,102,298,133,0 46,95,95,142,1 194,102,222,137,1 227,109,245,137,1 238,102,255,129,1 291,103,318,136,1
./trainset/006313.jpg 243,53,299,129,0 391,76,418,128,0 336,35,403,116,1 126,28,217,133,1 22,69,103,150,1 281,114,309,145,1 451,53,500,130,1
./trainset/006314.jpg 4,83,73,161,0 171,92,234,154,0 206,64,258,124,0
./trainset/006315.jpg 175,11,219,67,0 292,1,341,46,0 62,150,116,203,0 1,1,22,36,0
./trainset/006316.jpg 5,31,73,92,0 235,70,273,108,0
./trainset/006317.jpg 106,32,139,69,0
./trainset/006318.jpg 188,105,245,172,0 289,168,338,227,0 407,133,432,160,0
./trainset/006319.jpg 368,204,402,240,0 219,142,242,162,0 251,103,270,125,0
./trainset/006320.jpg 124,0,331,201,0
./trainset/006321.jpg 48,61,129,147,0 99,117,133,161,0 184,94,244,168,0 358,90,441,183,0
./trainset/006322.jpg 301,150,346,212,0
./trainset/006323.jpg 344,3,430,102,0 122,5,203,106,0 211,79,252,125,0 245,69,283,122,0 184,77,210,118,1 316,9,477,333,2 226,71,307,282,2 186,82,233,193,2 87,9,204,333,2
./trainset/006324.jpg 250,181,267,198,0 271,176,287,196,0 342,175,353,189,0 365,169,378,187,0
./trainset/006325.jpg 198,15,286,109,0
./trainset/006326.jpg 131,86,169,134,1 335,97,381,148,1 179,102,213,143,1 83,87,133,146,1 1,51,38,137,0
./trainset/006327.jpg 246,147,273,178,0 222,177,239,197,0 26,219,45,237,0 153,183,174,208,0 216,190,232,205,0 202,194,215,209,0
./trainset/006328.jpg 185,241,224,276,0
./trainset/006329.jpg 297,0,455,174,0
./trainset/006330.jpg 79,0,233,192,0
./trainset/006331.jpg 100,145,130,185,0 364,217,385,238,0 408,57,425,80,0
./trainset/006332.jpg 151,63,188,110,0 392,15,440,73,0 200,195,222,224,0 175,98,210,131,0
./trainset/006333.jpg 241,29,309,120,0 81,3,169,105,0 152,32,185,98,0
./trainset/006334.jpg 309,7,493,184,0 166,53,221,133,0
./trainset/006335.jpg 80,88,144,169,0
./trainset/006336.jpg 315,30,397,121,0 127,3,194,87,0 285,40,352,116,0 212,70,249,118,0 81,160,96,175,0 72,158,107,226,2 109,159,131,231,2 324,36,467,325,2 63,1,248,328,2 261,45,343,316,2
./trainset/006337.jpg 192,83,248,138,0 308,45,347,91,0 392,12,437,59,0 128,161,208,213,0 288,39,314,72,0
./trainset/006338.jpg 26,51,60,81,0
./trainset/006339.jpg 341,149,371,183,0 182,117,213,153,0 25,44,57,77,0 241,133,270,168,0 365,49,393,75,0
./trainset/006340.jpg 83,96,166,190,0 348,52,457,190,0
./trainset/006341.jpg 143,131,193,183,1 221,126,260,176,1 304,142,340,189,1 55,128,95,173,1 396,141,444,190,1 449,140,478,174,1 377,144,395,165,1 333,136,351,159,1
./trainset/006342.jpg 224,29,310,137,0 303,16,411,135,0
./trainset/006343.jpg 219,22,302,115,0
./trainset/006344.jpg 252,70,288,125,0 45,51,80,96,0 405,42,459,114,0 201,80,231,122,0 3,60,42,112,1 306,69,340,111,1 352,65,391,119,1 85,171,118,214,1 73,78,100,122,1 138,97,163,130,1 187,90,205,123,1 461,92,479,120,1
./trainset/006345.jpg 88,46,250,200,0 332,52,398,120,0
./trainset/006346.jpg 265,78,306,129,1 109,87,151,138,1 21,78,69,141,1 381,75,430,134,1 193,82,234,136,1
./trainset/006347.jpg 240,5,366,142,0 27,15,142,143,0
./trainset/006348.jpg 7,88,24,106,0 47,135,59,151,0 314,275,339,294,0 472,228,488,245,0
./trainset/006349.jpg 122,108,157,155,0 390,103,417,138,0 441,102,472,140,0 475,92,500,144,0 198,107,223,145,0 345,114,372,149,0 264,109,292,146,0 235,94,260,128,0 91,119,113,152,0 42,112,60,139,0
./trainset/006350.jpg 219,66,322,193,0 333,83,457,228,0
./trainset/006351.jpg 190,145,211,169,1 67,153,86,173,1 316,144,335,171,1 104,147,118,169,1 139,151,157,171,1 153,156,167,173,1
./trainset/006352.jpg 55,17,181,179,0 314,86,418,202,0
./trainset/006353.jpg 160,92,195,127,0 322,157,380,202,0
./trainset/006354.jpg 180,164,205,187,0 221,161,245,185,0 269,160,291,180,0 291,154,310,179,0 367,153,391,178,0
./trainset/006355.jpg 238,137,305,209,0
./trainset/006356.jpg 48,35,123,117,1 362,14,455,120,1 287,90,318,126,1 331,46,385,129,1
./trainset/006357.jpg 243,110,323,191,0 78,155,140,220,0
./trainset/006358.jpg 218,100,257,154,0 265,95,319,159,0
./trainset/006359.jpg 69,35,148,128,0
./trainset/006360.jpg 75,109,96,130,0 108,110,128,130,0 446,126,465,145,0
./trainset/006361.jpg 184,110,212,146,0 365,124,393,156,0 257,111,285,144,0 245,116,262,148,0 307,119,328,148,0 290,127,308,150,0 355,131,368,158,0
./trainset/006362.jpg 267,63,299,97,0
./trainset/006363.jpg 98,40,160,117,0
./trainset/006364.jpg 1,149,32,222,0 35,139,109,228,0 97,170,157,250,0 106,118,155,176,0 161,148,207,201,0 212,88,285,186,0 268,113,311,183,0 335,115,370,167,0 354,123,422,201,0 411,124,500,225,0
./trainset/006365.jpg 376,251,423,291,0 57,457,105,503,0 199,368,236,401,0 229,251,274,299,0
./trainset/006366.jpg 276,161,298,186,0 171,103,184,119,0
./trainset/006367.jpg 34,90,76,140,0 69,125,97,157,0 159,115,185,149,0 191,121,212,149,0 212,108,243,136,0 244,112,268,140,0 295,109,323,143,0 357,115,373,144,0 371,107,403,145,0 430,112,456,142,0
./trainset/006368.jpg 234,6,334,118,0 203,53,268,138,0
./trainset/006369.jpg 264,48,347,138,0
./trainset/006370.jpg 247,23,387,183,0
./trainset/006371.jpg 246,80,276,112,0 180,87,206,115,0
./trainset/006372.jpg 58,164,90,191,0 76,191,114,217,0 148,171,175,198,0 186,174,215,205,0 170,161,188,178,0 243,142,263,165,0 411,123,421,135,0 359,129,371,139,0 410,124,430,153,2 357,128,377,159,2 242,144,298,232,2 77,194,190,289,2 53,164,140,203,2 186,176,259,271,2 145,172,192,264,2 166,161,232,183,2
./trainset/006373.jpg 167,115,185,135,0 266,164,288,188,0 390,158,407,180,0
./trainset/006374.jpg 290,160,321,200,0
./trainset/006375.jpg 156,197,224,263,0
./trainset/006376.jpg 176,28,265,132,0
./trainset/006377.jpg 62,1,122,69,0 177,69,213,114,0 232,81,256,113,0 280,104,296,126,0 298,115,313,137,0 391,128,401,140,0 372,128,382,142,0 351,124,363,137,0 335,120,349,136,0 310,118,324,136,0
./trainset/006378.jpg 350,547,401,600,0
./trainset/006379.jpg 180,46,225,102,0
./trainset/006380.jpg 236,138,297,190,0
./trainset/006381.jpg 161,160,188,183,0 384,132,408,156,0
./trainset/006382.jpg 397,50,438,100,0 115,54,157,95,0
./trainset/006383.jpg 146,65,180,107,0 61,67,102,110,0
./trainset/006384.jpg 289,123,324,163,0 172,86,197,119,0
./trainset/006385.jpg 138,90,189,154,0
./trainset/006386.jpg 87,50,113,77,1 2,39,25,76,1 162,49,184,79,1 266,47,289,80,1 137,54,163,84,1 240,51,279,95,1 58,30,90,74,1 205,43,232,81,1 22,42,57,89,1 192,53,208,76,1 113,48,127,76,1
./trainset/006387.jpg 129,80,144,97,0 171,81,185,98,0
./trainset/006388.jpg 204,312,298,415,0
./trainset/006389.jpg 54,7,104,62,0 178,51,255,126,0 96,11,130,46,0 185,28,234,71,0 185,2,214,35,0
./trainset/006390.jpg 50,44,134,127,0
./trainset/006391.jpg 237,93,274,147,1 65,100,104,160,1 345,138,438,245,1 100,111,148,174,1 220,151,269,213,1 275,87,315,150,1 168,99,215,164,1 4,107,39,177,1 332,124,373,178,1 398,116,434,153,1 469,136,500,210,1 413,127,468,208,1 376,85,391,105,0 465,89,479,107,1 452,89,465,107,1
./trainset/006392.jpg 293,78,351,150,0 326,34,378,95,0
./trainset/006393.jpg 1,93,75,195,0 392,113,427,154,0 253,115,290,156,0 148,165,160,181,0
./trainset/006394.jpg 73,235,98,266,0 386,205,402,224,0 413,208,428,225,0
./trainset/006395.jpg 162,33,275,171,0 10,5,118,146,0
./trainset/006396.jpg 168,34,255,134,0 412,0,498,85,0
./trainset/006397.jpg 361,78,388,105,0 316,91,338,116,0
./trainset/006398.jpg 142,23,185,69,0 260,54,302,98,0
./trainset/006399.jpg 179,79,247,131,0 123,81,281,334,2
./trainset/006400.jpg 326,46,397,143,0 215,45,291,142,0 105,50,180,153,0
./trainset/006401.jpg 144,83,193,133,0
./trainset/006402.jpg 334,98,380,151,0 89,113,118,147,0 166,111,192,140,0 229,108,255,134,0
./trainset/006403.jpg 257,0,362,119,0
./trainset/006404.jpg 1,35,64,110,0 101,45,143,106,0 145,49,174,90,0 196,47,235,102,0 290,26,363,116,0
./trainset/006405.jpg 203,0,297,103,0
./trainset/006406.jpg 62,60,261,289,0
./trainset/006407.jpg 309,78,341,117,1 115,79,144,120,1 212,86,239,126,1 262,103,279,127,1 420,91,449,124,1 374,97,395,127,0 389,112,407,134,0
./trainset/006408.jpg 107,118,128,144,0 132,119,149,138,0 148,119,167,142,0 177,119,192,141,0 190,118,202,137,0 198,111,215,136,0 229,117,251,142,0 246,118,260,140,0
./trainset/006409.jpg 233,91,275,147,0 222,116,246,153,0 291,122,311,147,0 160,101,193,137,1 325,85,376,143,1 87,103,131,152,1 368,107,390,146,1 3,53,46,152,1
./trainset/006410.jpg 380,14,425,64,1 302,22,333,60,1 217,27,245,59,1 120,26,147,60,1
./trainset/006411.jpg 390,65,488,170,0 328,103,353,138,0 265,116,292,150,0 473,116,494,147,0
./trainset/006412.jpg 85,118,111,147,0 285,146,313,173,0
./trainset/006413.jpg 174,73,231,156,0 87,82,144,160,0 10,85,79,170,0 319,55,380,144,0 409,62,479,156,1 248,161,275,194,1
./trainset/006414.jpg 294,81,327,123,0 233,87,265,130,0
./trainset/006415.jpg 84,4,159,94,0 189,3,256,90,0
./trainset/006416.jpg 50,162,68,183,1 76,161,92,181,1 92,161,106,177,1 112,170,126,184,1 109,159,121,173,1 131,167,149,183,1 156,153,172,172,1 175,160,188,176,1 190,160,203,178,1 202,162,213,177,1 215,156,227,176,1 226,155,239,174,1 240,159,255,177,1 251,160,263,174,1 262,159,274,177,1 272,154,284,173,1 283,156,296,173,1 459,150,475,169,1 433,149,447,167,1 413,152,429,168,1 390,158,402,174,1 369,150,384,170,1 356,158,366,174,1 343,156,355,174,1 324,161,342,175,1 328,151,342,165,1 299,149,316,168,1
./trainset/006417.jpg 146,207,165,235,0
./trainset/006418.jpg 58,47,86,70,0 91,50,112,74,0 277,52,295,76,0 386,48,406,74,0
./trainset/006419.jpg 227,136,297,188,0
./trainset/006420.jpg 258,106,295,145,0
./trainset/006421.jpg 276,45,382,153,0 93,46,165,124,0 58,62,87,96,0 235,55,268,97,0 261,65,309,154,0
./trainset/006422.jpg 275,146,299,171,1 381,138,399,164,0 363,138,384,164,0 321,146,342,171,0 232,149,250,171,1 246,156,257,171,1 187,148,205,169,1 178,149,192,168,1 150,151,166,171,1 125,144,143,166,1 92,147,116,174,1
./trainset/006423.jpg 147,70,193,127,0
./trainset/006424.jpg 332,76,372,125,0 96,61,136,107,0
./trainset/006425.jpg 207,82,238,125,0 401,48,435,86,0 68,11,119,59,0
./trainset/006426.jpg 210,135,266,222,0
./trainset/006427.jpg 169,22,265,135,0
./trainset/006428.jpg 132,93,176,152,0 204,104,236,155,0 267,95,317,151,0 29,101,84,157,0 341,88,414,158,0 396,102,431,149,0 197,120,213,154,0
./trainset/006429.jpg 88,147,125,190,0 316,124,345,151,0 129,153,157,180,0 259,83,288,111,0 298,145,311,161,0 345,147,358,161,1 423,139,435,153,1
./trainset/006430.jpg 366,79,425,148,0 214,14,274,78,0 304,112,344,169,0
./trainset/006431.jpg 1,2,56,129,0 76,19,126,75,0 134,2,177,56,0 180,6,217,48,0 219,5,252,49,0 252,14,283,51,0 303,6,342,48,0 357,3,401,64,0 399,4,458,75,0 445,1,500,75,0 335,5,356,29,0
./trainset/006432.jpg 298,225,367,292,0 81,234,118,273,0 406,203,464,256,0 0,198,56,267,0
./trainset/006433.jpg 46,201,91,249,0 254,239,300,284,0 3,224,19,249,0 119,224,145,250,0
./trainset/006434.jpg 259,55,317,118,0
./trainset/006435.jpg 298,2,402,118,0 96,39,191,146,0
./trainset/006436.jpg 53,101,74,129,0 157,100,177,125,0 133,106,150,125,0 1,102,20,138,0
./trainset/006437.jpg 147,233,178,268,0 113,234,132,253,0 127,229,148,249,0 60,248,76,265,0 92,235,110,255,0 219,236,233,253,0 252,233,269,251,0
./trainset/006438.jpg 180,246,222,293,0 102,243,143,284,0 410,178,453,214,0 362,166,407,209,0 348,207,384,243,1 417,220,451,248,1
./trainset/006439.jpg 96,20,119,42,0 92,38,122,68,0
./trainset/006440.jpg 119,198,137,220,0 218,212,234,229,0
./trainset/006441.jpg 176,2,430,262,0
./trainset/006442.jpg 40,38,74,77,0 164,109,206,146,0 348,120,393,164,0 217,96,251,131,0 115,58,150,97,0 338,79,364,115,0 263,84,283,111,0 307,81,332,107,0
./trainset/006443.jpg 61,78,145,156,0
./trainset/006444.jpg 102,51,296,257,0
./trainset/006445.jpg 226,63,257,101,0 277,50,313,91,0 138,46,175,85,1 332,109,350,129,0
./trainset/006446.jpg 83,63,147,149,0 164,101,215,165,0 1,64,77,176,0
./trainset/006447.jpg 333,183,354,205,0 149,228,180,260,0 282,164,299,183,0 187,205,210,226,0 198,197,213,213,0 189,185,207,204,0 211,178,222,192,0 203,183,215,201,0 222,175,232,187,0
./trainset/006448.jpg 95,64,136,121,0 185,106,235,163,0 377,95,423,147,0 296,104,333,156,0
./trainset/006449.jpg 105,167,131,191,0
./trainset/006450.jpg 66,1,204,122,0 259,54,313,124,0 397,56,460,124,0 158,101,178,122,1
./trainset/006451.jpg 309,96,345,154,1 1,97,36,151,1 205,99,249,156,1 85,98,129,148,1 405,101,446,155,1 271,104,298,142,1 170,121,196,150,1 130,114,152,141,1 38,121,60,162,1 241,108,259,145,1
./trainset/006452.jpg 266,61,306,116,1 173,56,214,107,1 307,50,345,105,1 341,32,399,113,1 458,77,482,106,1 114,77,137,101,1 422,85,442,109,1 440,81,458,112,1
./trainset/006453.jpg 322,126,390,213,0 258,145,300,205,0 221,142,258,193,0 314,121,357,188,0
./trainset/006454.jpg 239,114,302,183,0 304,87,371,177,0
./trainset/006455.jpg 220,126,253,175,0 154,137,197,187,0 255,126,282,163,0
./trainset/006456.jpg 124,283,158,328,0 450,196,500,282,0 47,289,84,329,0 317,148,348,183,0 237,91,263,127,0
./trainset/006457.jpg 130,66,156,97,0 170,68,197,101,0
./trainset/006458.jpg 336,119,360,142,0 282,118,302,138,0 272,134,288,152,0 252,143,270,164,0 182,164,201,184,0 133,173,152,198,0 151,170,167,194,0 169,171,183,189,0
./trainset/006459.jpg 175,165,239,243,0 60,131,159,225,0
./trainset/006460.jpg 272,37,387,166,0 223,89,284,174,0 115,117,187,218,0 1,99,52,198,0
./trainset/006461.jpg 152,30,250,156,0 273,81,354,201,0 391,61,496,196,0
./trainset/006462.jpg 357,9,516,184,0
./trainset/006463.jpg 65,117,104,165,0 106,139,135,173,0 179,122,216,164,0 218,131,243,164,0 294,133,321,169,0 334,142,362,173,0 376,144,401,171,0 399,134,436,168,0 479,165,495,188,0
./trainset/006464.jpg 69,137,91,154,0 83,34,102,54,0 164,145,183,162,0 411,123,426,143,0 141,233,164,253,1
./trainset/006465.jpg 180,63,221,108,0
./trainset/006466.jpg 304,630,381,710,0 181,12,270,97,0 416,558,496,638,0
./trainset/006467.jpg 12,145,70,210,0
./trainset/006468.jpg 299,88,329,127,0 236,88,283,145,0 194,101,224,139,0 344,91,408,161,0
./trainset/006469.jpg 70,4,123,56,0 201,23,245,76,0 374,82,385,95,0
./trainset/006470.jpg 368,24,451,127,0 150,43,226,139,0 299,76,357,159,0 3,65,93,179,1
./trainset/006471.jpg 66,49,157,141,1 355,12,438,112,1 204,68,251,119,1 38,36,80,89,1 482,51,533,148,1 3,53,55,117,1 322,50,367,125,1
./trainset/006472.jpg 280,105,321,154,0 159,73,200,122,0 205,103,244,143,0
./trainset/006473.jpg 162,127,264,246,0
./trainset/006474.jpg 288,3,487,238,0
./trainset/006475.jpg 102,189,151,244,0 201,42,249,83,0
./trainset/006476.jpg 181,67,230,128,0 316,55,377,134,0 131,68,176,127,1
./trainset/006477.jpg 432,183,469,221,0 435,116,451,135,0 396,128,413,148,0 292,124,315,146,0 300,68,316,88,0
./trainset/006478.jpg 177,41,291,144,0
./trainset/006479.jpg 441,155,514,248,0
./trainset/006480.jpg 318,146,347,180,1 280,150,300,175,1 242,151,262,171,1 217,160,231,177,1 370,155,393,178,1 409,155,428,178,1 449,150,474,175,1
./trainset/006481.jpg 4,122,39,166,0 319,124,355,172,0 416,120,452,167,0 117,132,151,173,0 204,122,242,167,0 192,126,222,167,0 249,119,277,156,0
./trainset/006482.jpg 266,139,303,182,0 115,165,133,184,0
./trainset/006483.jpg 406,0,576,158,0 293,14,441,195,0
./trainset/006484.jpg 404,62,433,94,0 345,75,365,102,0 194,70,227,118,1 80,57,123,110,1 225,60,264,114,1 142,75,171,111,1 264,78,287,111,1 286,61,313,93,1
./trainset/006485.jpg 216,42,250,76,0 327,8,362,50,0
./trainset/006486.jpg 171,1,267,105,0 27,162,56,191,0 35,102,61,124,0 70,136,95,163,0 359,132,374,150,0 157,122,172,137,0
./trainset/006487.jpg 223,51,255,95,0 267,67,288,97,0 344,64,369,93,0
./trainset/006488.jpg 33,71,94,130,0
./trainset/006489.jpg 301,110,365,174,0 163,131,212,185,0
./trainset/006490.jpg 224,58,327,191,0
./trainset/006491.jpg 34,2,142,99,0 332,28,398,91,0 206,28,301,127,0
./trainset/006492.jpg 223,18,376,201,0 223,28,438,388,2
./trainset/006493.jpg 314,114,329,132,0 324,48,333,62,0 148,123,161,135,0
./trainset/006494.jpg 255,11,298,65,0 419,1,475,62,0 199,16,232,57,0 325,15,372,74,0 12,56,41,98,0
./trainset/006495.jpg 106,136,155,189,0 163,56,197,98,1 226,48,286,101,1 304,84,333,123,1 338,92,372,133,1
./trainset/006496.jpg 334,5,383,64,0 184,47,221,87,0
./trainset/006497.jpg 212,74,243,107,0 68,150,105,190,0 332,89,356,116,0 378,27,397,48,0 285,94,305,112,0 224,104,247,122,0
./trainset/006498.jpg 26,127,55,163,0 338,111,368,150,1 182,133,211,172,1 124,136,145,164,1 157,149,175,171,1 217,130,241,162,1 238,138,257,164,1 272,138,292,158,1 310,136,331,158,1
./trainset/006499.jpg 138,1,280,149,0
./trainset/006500.jpg 235,48,295,121,0
./trainset/006501.jpg 213,86,285,165,0
./trainset/006502.jpg 126,99,163,138,0 247,98,276,135,0 29,138,64,170,1 373,111,404,141,1 292,105,309,121,1 18,139,102,318,2 116,104,209,280,2 224,101,291,276,2 342,109,414,258,2 287,105,317,177,2
./trainset/006503.jpg 120,21,196,118,0 108,1,166,60,0 210,19,264,93,0 290,20,374,113,0
./trainset/006504.jpg 232,200,250,223,0
./trainset/006505.jpg 135,127,189,188,1 267,76,330,150,1 213,84,263,155,1
./trainset/006506.jpg 392,22,471,145,0 197,38,276,154,0 315,91,388,188,0
./trainset/006507.jpg 349,178,423,245,1
./trainset/006508.jpg 461,246,484,277,0 84,170,106,192,0 160,196,185,220,0 209,173,228,193,0 448,195,468,217,0 202,190,217,206,0
./trainset/006509.jpg 253,6,477,203,0
./trainset/006510.jpg 350,159,446,235,0
./trainset/006511.jpg 215,99,265,147,0
./trainset/006512.jpg 240,114,257,131,0
./trainset/006513.jpg 84,19,198,138,0 315,78,353,135,0
./trainset/006514.jpg 137,27,221,123,0 215,91,280,171,0 8,151,67,211,0 41,97,120,171,0
./trainset/006515.jpg 237,128,265,166,1 307,145,337,182,1 148,116,177,149,1 112,129,136,158,1 198,134,226,164,1
./trainset/006516.jpg 135,110,180,169,0 202,121,257,180,0
./trainset/006517.jpg 355,99,425,167,0 146,125,214,184,0 220,169,269,231,0
./trainset/006518.jpg 157,43,189,73,0
./trainset/006519.jpg 178,75,210,104,0 436,97,456,121,0 272,86,302,115,0 358,72,385,102,0
./trainset/006520.jpg 238,89,275,140,0 170,75,208,124,0 111,71,165,129,0 163,203,266,312,0 363,60,416,122,0 330,119,372,169,0 347,93,361,119,0
./trainset/006521.jpg 76,59,186,209,0 345,125,370,162,0
./trainset/006522.jpg 293,139,335,194,0 128,167,164,215,0 80,147,108,183,0 217,158,247,198,1 365,157,397,196,1 100,177,127,210,1 286,171,307,210,1 400,171,430,204,1 269,170,288,203,1 158,160,179,190,1 205,150,220,170,1
./trainset/006523.jpg 307,15,385,105,0
./trainset/006524.jpg 193,15,303,167,0
./trainset/006525.jpg 136,44,178,109,0 201,26,254,97,0
./trainset/006526.jpg 241,137,280,169,0 279,147,306,173,0
./trainset/006527.jpg 230,103,267,138,0 92,78,127,111,0
./trainset/006528.jpg 43,29,168,175,0 244,12,345,131,0
./trainset/006529.jpg 19,98,84,171,0 119,122,165,175,0 272,99,313,154,0 403,94,467,168,0
./trainset/006530.jpg 30,64,90,130,0 140,146,164,173,0 210,178,221,192,0 162,144,188,169,0 291,134,313,158,0 363,117,400,161,0 443,50,500,125,0 4,67,112,371,2 130,147,169,323,2 164,146,191,305,2 285,134,340,269,2 345,116,430,354,2 431,49,499,375,2
./trainset/006531.jpg 229,52,263,92,0 418,192,472,256,0 155,45,186,84,0
./trainset/006532.jpg 70,14,157,102,0
./trainset/006533.jpg 354,52,411,107,0 314,64,354,115,0
./trainset/006534.jpg 228,70,361,244,0 0,120,219,329,0
./trainset/006535.jpg 241,122,277,169,0 108,68,171,139,0 329,108,365,150,0
./trainset/006536.jpg 355,245,375,272,0 269,201,291,230,0
./trainset/006537.jpg 86,156,103,178,1 137,165,153,184,0 174,160,187,179,1 185,163,196,178,1 229,158,243,179,1 272,162,288,179,1 286,156,302,175,1
./trainset/006538.jpg 53,98,91,136,1 371,93,405,134,1 265,97,297,132,1 224,112,249,146,1 321,108,336,127,0 451,115,470,142,1 438,120,454,146,1 178,102,189,121,0
./trainset/006539.jpg 339,316,400,375,0 209,104,268,193,0
./trainset/006540.jpg 211,42,295,157,0 301,20,393,117,0
./trainset/006541.jpg 9,152,202,360,0 201,7,292,120,0 338,82,415,168,1
./trainset/006542.jpg 137,519,173,558,0 232,536,263,571,0 305,526,337,559,0 439,523,471,560,0
./trainset/006543.jpg 424,366,500,488,0 224,335,299,416,0
./trainset/006544.jpg 159,170,181,197,0 337,176,361,206,0
./trainset/006545.jpg 60,64,150,185,0
./trainset/006546.jpg 70,135,162,223,0 366,91,436,169,0 240,1,273,23,0
./trainset/006547.jpg 139,630,275,793,0 442,381,590,545,0
./trainset/006548.jpg 119,153,161,199,0 166,150,193,180,0 240,135,277,181,0 361,129,387,158,0 413,146,437,173,0 363,139,409,189,0 450,96,500,172,0
./trainset/006549.jpg 75,130,109,165,1 144,136,173,175,1 368,148,398,181,1 108,154,129,178,1 200,151,223,178,1 222,156,242,179,1 243,154,258,174,1 262,165,278,184,1 333,160,350,184,1 286,152,304,175,1
./trainset/006550.jpg 298,150,319,175,0 385,145,411,172,0
./trainset/006551.jpg 302,75,336,103,0 2,74,27,95,0 107,86,132,114,0
./trainset/006552.jpg 326,74,353,110,0 143,94,175,135,0 31,58,56,92,0 211,59,247,98,0 314,54,341,89,0 352,59,380,89,0 436,60,458,92,0 168,72,194,100,1
./trainset/006553.jpg 219,126,255,156,0
./trainset/006554.jpg 126,108,165,143,0 283,87,315,126,0 181,163,202,190,0
./trainset/006555.jpg 270,187,286,206,0 321,204,344,228,0 381,125,416,160,0
./trainset/006556.jpg 128,97,283,285,0 326,133,390,209,0 42,167,115,253,0 274,183,321,232,0
./trainset/006557.jpg 285,5,379,101,0 1,81,11,96,0
./trainset/006558.jpg 161,54,250,154,0
./trainset/006559.jpg 17,3,124,76,0 296,43,352,105,0 397,95,449,192,0 202,51,232,89,0 258,79,291,112,0 177,39,200,70,0
./trainset/006560.jpg 244,25,323,128,0 150,107,172,133,0 441,13,469,43,1 478,18,500,52,1 353,59,374,83,1 372,56,395,80,1 243,108,266,130,1
./trainset/006561.jpg 239,48,313,144,0 34,60,179,242,0 379,44,500,219,0
./trainset/006562.jpg 270,42,326,116,0 368,48,415,114,0 83,24,136,97,0 178,43,224,111,0 54,27,165,361,2 145,49,250,360,2 224,49,356,361,2 338,53,445,361,2
./trainset/006563.jpg 378,454,449,540,0 247,321,353,416,0 97,475,176,560,1
./trainset/006564.jpg 326,285,351,306,0 350,315,369,334,0 242,301,261,319,0 247,288,262,300,0
./trainset/006565.jpg 161,40,200,84,0 223,38,261,83,0 267,52,308,98,0 97,82,116,104,0
./trainset/006566.jpg 111,148,124,167,0 142,156,157,175,0 408,162,422,181,0 434,142,450,164,0
./trainset/006567.jpg 219,211,270,260,0 160,213,205,262,0 89,197,169,274,0 380,208,401,231,0 296,200,319,227,0 236,192,264,219,0 343,200,365,225,0 331,195,355,220,0 394,190,417,217,0 428,206,442,222,0 447,206,458,220,0 487,213,500,238,0 481,210,493,222,0
./trainset/006568.jpg 286,0,327,51,0 213,16,239,53,0
./trainset/006569.jpg 261,92,320,162,0 211,143,244,180,0
./trainset/006570.jpg 47,46,167,164,0
./trainset/006571.jpg 43,155,92,208,0 166,141,197,174,0 381,52,401,81,0 398,55,418,82,0 23,156,139,340,2 158,145,236,304,2 399,59,431,178,2 377,53,403,206,2
./trainset/006572.jpg 312,117,342,153,1 424,88,469,147,1 22,124,50,155,1 274,133,304,171,1 252,130,273,165,1 211,132,231,164,1 80,125,104,152,1 137,133,161,166,1 232,125,252,156,1
./trainset/006573.jpg 347,132,366,155,0 346,157,367,179,0
./trainset/006574.jpg 150,172,305,340,0 10,336,148,499,0
./trainset/006575.jpg 34,131,62,163,0 109,87,128,110,0 304,238,349,285,0 438,110,462,136,0 386,38,406,60,0 148,139,170,161,0 123,115,144,140,0 147,73,162,90,0 183,87,198,106,0 216,156,234,180,0 274,155,296,180,0 270,129,288,145,0
./trainset/006576.jpg 1,43,81,204,0 56,101,106,196,0 80,73,153,172,0 141,101,177,171,0 165,96,208,161,0 224,83,299,169,0 355,91,404,148,0 450,84,500,173,0
./trainset/006577.jpg 467,54,514,100,1 247,43,292,89,1 133,46,197,114,1 405,63,434,98,1 317,49,368,109,1
./trainset/006578.jpg 88,6,161,87,0 30,35,104,116,0
./trainset/006579.jpg 280,74,346,149,1 258,55,298,110,1 154,57,205,118,1 47,46,99,117,1
./trainset/006580.jpg 312,60,367,129,0
./trainset/006581.jpg 302,24,335,64,0 201,49,231,98,0
./trainset/006582.jpg 198,136,229,177,0 253,145,262,158,0 314,146,326,160,0 333,157,341,169,0
./trainset/006583.jpg 78,9,156,102,0 192,12,343,190,0 3,75,46,136,0 387,147,438,206,0
./trainset/006584.jpg 381,105,412,145,0 433,107,461,143,0 333,78,369,123,1 122,125,156,163,1 162,106,192,142,1 49,97,84,135,1 247,105,276,137,1
./trainset/006585.jpg 300,133,331,161,0 372,129,393,153,0
./trainset/006586.jpg 249,193,280,235,0 358,189,385,221,0
./trainset/006587.jpg 252,34,338,142,0 327,91,426,205,0 145,50,235,158,0
./trainset/006588.jpg 257,31,317,114,0
./trainset/006589.jpg 67,82,141,180,0 326,99,388,175,0 205,83,271,166,0 389,69,477,180,0
./trainset/006590.jpg 307,155,431,317,0 147,246,248,364,0
./trainset/006591.jpg 74,88,104,125,0 60,131,108,182,0 176,131,223,181,0 1,94,40,145,0 121,107,161,150,1 198,79,230,113,1 317,38,352,74,1
./trainset/006592.jpg 181,42,262,142,0
./trainset/006593.jpg 375,117,406,152,0 270,110,294,137,0 181,94,201,122,0 203,101,222,125,0 230,103,244,125,0 251,105,267,125,0 306,107,320,122,0 164,99,175,117,0
./trainset/006594.jpg 273,54,331,130,0
./trainset/006595.jpg 191,61,221,102,1 234,60,265,99,1 1,1,83,101,1 80,25,135,80,1 391,39,449,103,1 338,37,380,92,1 282,45,317,94,1 384,40,409,89,1
./trainset/006596.jpg 43,181,236,410,0 395,221,604,436,1
./trainset/006597.jpg 119,1,181,69,0
./trainset/006598.jpg 310,82,375,173,0 181,97,256,177,0
./trainset/006599.jpg 172,91,214,146,0 59,55,111,125,0 2,83,21,133,0 348,90,384,137,1 257,74,288,118,1 323,78,351,121,1 401,49,462,116,1 104,85,132,129,1 476,78,500,127,1 239,84,262,119,1 292,103,312,128,1 372,72,396,107,1
./trainset/006600.jpg 38,125,80,174,1 126,118,161,154,1 372,124,420,182,1
